125 1684866312 0,200000 -1,000000 0,200000 0,200000 0,024000
125 1684866311 0,200000 -1,000000 0,200000 0,200000 0,024000
125 1684866310 0,200000 -1,000000 0,200000 0,200000 0,024000
125 1684866309 0,200000 -1,000000 0,200000 0,200000 0,024000
125 1684866308 0,200000 -1,000000 0,200000 0,200000 0,024000
130 1684866312 0,200000 -1,000000 0,200000 0,200000 0,024000
130 1684866311 0,200000 -1,000000 0,200000 0,200000 0,024000
130 1684866310 0,200000 -1,000000 0,200000 0,200000 0,024000
130 1684866309 0,200000 -1,000000 0,200000 0,200000 0,024000
130 1684866308 0,200000 -1,000000 0,200000 0,200000 0,024000
128 1684866312 0,200000 -1,000000 0,200000 0,200000 0,024000
128 1684866311 0,200000 -1,000000 0,200000 0,200000 0,024000
128 1684866310 0,200000 -1,000000 0,200000 0,200000 0,024000
128 1684866309 0,200000 -1,000000 0,200000 0,200000 0,024000
128 1684866308 0,200000 -1,000000 0,200000 0,200000 0,024000
125 1684866308 0,200000 -1,000000 -101,000000 0,000000 0,000000
125 1684866309 0,200000 -1,000000 -101,000000 0,000000 0,000000
125 1684866310 0,200000 -1,000000 -101,000000 0,000000 0,000000
125 1684866311 0,200000 -1,000000 -101,000000 0,000000 0,000000
125 1684866312 0,200000 -1,000000 -101,000000 0,000000 0,000000
128 1684866308 0,200000 -1,000000 -101,000000 0,000000 0,000000
128 1684866309 0,200000 -1,000000 -101,000000 0,000000 0,000000
128 1684866310 0,200000 -1,000000 -101,000000 0,000000 0,000000
128 1684866311 0,200000 -1,000000 -101,000000 0,000000 0,000000
128 1684866312 0,200000 -1,000000 -101,000000 0,000000 0,000000
130 1684866308 0,200000 -1,000000 -101,000000 0,000000 0,000000
130 1684866309 0,200000 -1,000000 -101,000000 0,000000 0,000000
130 1684866310 0,200000 -1,000000 -101,000000 0,000000 0,000000
130 1684866311 0,200000 -1,000000 -101,000000 0,000000 0,000000
130 1684866312 0,200000 -1,000000 -101,000000 0,000000 0,000000
125 1684866598 0,200000 -1,000000 -101,000000 0,000000 0,000000
125 1684866599 0,200000 -1,000000 -101,000000 0,000000 0,000000
125 1684866600 0,200000 -1,000000 -101,000000 0,000000 0,000000
125 1684866601 0,200000 -1,000000 -101,000000 0,000000 0,000000
125 1684866602 0,200000 -1,000000 -101,000000 0,000000 0,000000
128 1684866598 0,200000 -1,000000 -101,000000 0,000000 0,000000
128 1684866599 0,200000 -1,000000 -101,000000 0,000000 0,000000
128 1684866600 0,200000 -1,000000 -101,000000 0,000000 0,000000
128 1684866601 0,200000 -1,000000 -101,000000 0,000000 0,000000
128 1684866602 0,200000 -1,000000 -101,000000 0,000000 0,000000
130 1684866598 0,200000 -1,000000 -101,000000 0,000000 0,000000
130 1684866599 0,200000 -1,000000 -101,000000 0,000000 0,000000
130 1684866600 0,200000 -1,000000 -101,000000 0,000000 0,000000
130 1684866601 0,200000 -1,000000 -101,000000 0,000000 0,000000
130 1684866602 0,200000 -1,000000 -101,000000 0,000000 0,000000
125 1684866863 0,200000 -1,000000 -101,000000 0,000000 0,000000
125 1684866864 0,200000 -1,000000 -101,000000 0,000000 0,000000
125 1684866865 0,200000 -1,000000 -101,000000 0,000000 0,000000
125 1684866866 0,200000 -1,000000 -101,000000 0,000000 0,000000
125 1684866867 0,200000 -1,000000 -101,000000 0,000000 0,000000
128 1684866863 0,200000 -1,000000 -101,000000 0,000000 0,000000
128 1684866864 0,200000 -1,000000 -101,000000 0,000000 0,000000
128 1684866865 0,200000 -1,000000 -101,000000 0,000000 0,000000
128 1684866866 0,200000 -1,000000 -101,000000 0,000000 0,000000
128 1684866867 0,200000 -1,000000 -101,000000 0,000000 0,000000
130 1684866863 0,200000 -1,000000 -101,000000 0,000000 0,000000
130 1684866864 0,200000 -1,000000 -101,000000 0,000000 0,000000
130 1684866865 0,200000 -1,000000 -101,000000 0,000000 0,000000
130 1684866866 0,200000 -1,000000 -101,000000 0,000000 0,000000
130 1684866867 0,200000 -1,000000 -101,000000 0,000000 0,000000
125 1684867443 0,200000 -1,000000 -101,000000 0,000000 0,000000
125 1684867444 0,200000 -1,000000 -101,000000 0,000000 0,000000
125 1684867445 0,200000 -1,000000 -101,000000 0,000000 0,000000
125 1684867446 0,200000 -1,000000 -101,000000 0,000000 0,000000
125 1684867447 0,200000 -1,000000 -101,000000 0,000000 0,000000
128 1684867443 0,200000 -1,000000 -101,000000 0,000000 0,000000
128 1684867444 0,200000 -1,000000 -101,000000 0,000000 0,000000
128 1684867445 0,200000 -1,000000 -101,000000 0,000000 0,000000
128 1684867446 0,200000 -1,000000 -101,000000 0,000000 0,000000
128 1684867447 0,200000 -1,000000 -101,000000 0,000000 0,000000
130 1684867443 0,200000 -1,000000 -101,000000 0,000000 0,000000
130 1684867444 0,200000 -1,000000 -101,000000 0,000000 0,000000
130 1684867445 0,200000 -1,000000 -101,000000 0,000000 0,000000
130 1684867446 0,200000 -1,000000 -101,000000 0,000000 0,000000
130 1684867447 0,200000 -1,000000 -101,000000 0,000000 0,000000
125 1684867558 0,200000 -1,000000 -101,000000 0,000000 0,000000
125 1684867559 0,200000 -1,000000 -101,000000 0,000000 0,000000
125 1684867560 0,200000 -1,000000 -101,000000 0,000000 0,000000
125 1684867561 0,200000 -1,000000 -101,000000 0,000000 0,000000
125 1684867562 0,200000 -1,000000 -101,000000 0,000000 0,000000
125 1684867608 0,200000 -1,000000 -101,000000 0,000000 0,000000
125 1684867609 0,200000 -1,000000 -101,000000 0,000000 0,000000
125 1684867610 0,200000 -1,000000 -101,000000 0,000000 0,000000
125 1684867611 0,200000 -1,000000 -101,000000 0,000000 0,000000
125 1684867612 0,200000 -1,000000 -101,000000 0,000000 0,000000
128 1684867558 0,200000 -1,000000 -101,000000 0,000000 0,000000
128 1684867559 0,200000 -1,000000 -101,000000 0,000000 0,000000
128 1684867560 0,200000 -1,000000 -101,000000 0,000000 0,000000
128 1684867561 0,200000 -1,000000 -101,000000 0,000000 0,000000
128 1684867562 0,200000 -1,000000 -101,000000 0,000000 0,000000
128 1684867608 0,200000 -1,000000 -101,000000 0,000000 0,000000
128 1684867609 0,200000 -1,000000 -101,000000 0,000000 0,000000
128 1684867610 0,200000 -1,000000 -101,000000 0,000000 0,000000
128 1684867611 0,200000 -1,000000 -101,000000 0,000000 0,000000
128 1684867612 0,200000 -1,000000 -101,000000 0,000000 0,000000
130 1684867558 0,200000 -1,000000 -101,000000 0,000000 0,000000
130 1684867559 0,200000 -1,000000 -101,000000 0,000000 0,000000
130 1684867560 0,200000 -1,000000 -101,000000 0,000000 0,000000
130 1684867561 0,200000 -1,000000 -101,000000 0,000000 0,000000
130 1684867562 0,200000 -1,000000 -101,000000 0,000000 0,000000
130 1684867608 0,200000 -1,000000 -101,000000 0,000000 0,000000
130 1684867609 0,200000 -1,000000 -101,000000 0,000000 0,000000
130 1684867610 0,200000 -1,000000 -101,000000 0,000000 0,000000
130 1684867611 0,200000 -1,000000 -101,000000 0,000000 0,000000
130 1684867612 0,200000 -1,000000 -101,000000 0,000000 0,000000
125 1684867898 0,200000 -1,000000 -101,000000 0,000000 0,000000
125 1684867899 0,200000 -1,000000 -101,000000 0,000000 0,000000
125 1684867900 0,200000 -1,000000 -101,000000 0,000000 0,000000
125 1684867901 0,200000 -1,000000 -101,000000 0,000000 0,000000
125 1684867902 0,200000 -1,000000 -101,000000 0,000000 0,000000
128 1684867898 0,200000 -1,000000 -101,000000 0,000000 0,000000
128 1684867899 0,200000 -1,000000 -101,000000 0,000000 0,000000
128 1684867900 0,200000 -1,000000 -101,000000 0,000000 0,000000
128 1684867901 0,200000 -1,000000 -101,000000 0,000000 0,000000
128 1684867902 0,200000 -1,000000 -101,000000 0,000000 0,000000
130 1684867898 0,200000 -1,000000 -101,000000 0,000000 0,000000
130 1684867899 0,200000 -1,000000 -101,000000 0,000000 0,000000
130 1684867900 0,200000 -1,000000 -101,000000 0,000000 0,000000
130 1684867901 0,200000 -1,000000 -101,000000 0,000000 0,000000
130 1684867902 0,200000 -1,000000 -101,000000 0,000000 0,000000
125 1684868018 0,200000 -1,000000 -101,000000 0,000000 0,000000
125 1684868019 0,200000 -1,000000 -101,000000 0,000000 0,000000
125 1684868020 0,200000 -1,000000 -101,000000 0,000000 0,000000
125 1684868021 0,200000 -1,000000 -101,000000 0,000000 0,000000
125 1684868022 0,200000 -1,000000 -101,000000 0,000000 0,000000
128 1684868018 0,200000 -1,000000 -101,000000 0,000000 0,000000
128 1684868019 0,200000 -1,000000 -101,000000 0,000000 0,000000
128 1684868020 0,200000 -1,000000 -101,000000 0,000000 0,000000
128 1684868021 0,200000 -1,000000 -101,000000 0,000000 0,000000
128 1684868022 0,200000 -1,000000 -101,000000 0,000000 0,000000
130 1684868018 0,200000 -1,000000 -101,000000 0,000000 0,000000
130 1684868019 0,200000 -1,000000 -101,000000 0,000000 0,000000
130 1684868020 0,200000 -1,000000 -101,000000 0,000000 0,000000
130 1684868021 0,200000 -1,000000 -101,000000 0,000000 0,000000
130 1684868022 0,200000 -1,000000 -101,000000 0,000000 0,000000
125 1684868713 0,200000 -1,000000 -101,000000 0,000000 0,000000
125 1684868714 0,200000 -1,000000 -101,000000 0,000000 0,000000
125 1684868715 0,200000 -1,000000 -101,000000 0,000000 0,000000
125 1684868716 0,200000 -1,000000 -101,000000 0,000000 0,000000
125 1684868717 0,200000 -1,000000 -101,000000 0,000000 0,000000
125 1684868763 0,200000 -1,000000 -101,000000 0,000000 0,000000
125 1684868764 0,200000 -1,000000 -101,000000 0,000000 0,000000
125 1684868765 0,200000 -1,000000 -101,000000 0,000000 0,000000
125 1684868766 0,200000 -1,000000 -101,000000 0,000000 0,000000
125 1684868767 0,200000 -1,000000 -101,000000 0,000000 0,000000
128 1684868713 0,200000 -1,000000 -101,000000 0,000000 0,000000
128 1684868714 0,200000 -1,000000 -101,000000 0,000000 0,000000
128 1684868715 0,200000 -1,000000 -101,000000 0,000000 0,000000
128 1684868716 0,200000 -1,000000 -101,000000 0,000000 0,000000
128 1684868717 0,200000 -1,000000 -101,000000 0,000000 0,000000
128 1684868763 0,200000 -1,000000 -101,000000 0,000000 0,000000
128 1684868764 0,200000 -1,000000 -101,000000 0,000000 0,000000
128 1684868765 0,200000 -1,000000 -101,000000 0,000000 0,000000
128 1684868766 0,200000 -1,000000 -101,000000 0,000000 0,000000
128 1684868767 0,200000 -1,000000 -101,000000 0,000000 0,000000
130 1684868713 0,200000 -1,000000 -101,000000 0,000000 0,000000
130 1684868714 0,200000 -1,000000 -101,000000 0,000000 0,000000
130 1684868715 0,200000 -1,000000 -101,000000 0,000000 0,000000
130 1684868716 0,200000 -1,000000 -101,000000 0,000000 0,000000
130 1684868717 0,200000 -1,000000 -101,000000 0,000000 0,000000
130 1684868763 0,200000 -1,000000 -101,000000 0,000000 0,000000
130 1684868764 0,200000 -1,000000 -101,000000 0,000000 0,000000
130 1684868765 0,200000 -1,000000 -101,000000 0,000000 0,000000
130 1684868766 0,200000 -1,000000 -101,000000 0,000000 0,000000
130 1684868767 0,200000 -1,000000 -101,000000 0,000000 0,000000
125 1684869098 0,200000 -1,000000 -101,000000 0,000000 0,000000
125 1684869099 0,200000 -1,000000 -101,000000 0,000000 0,000000
125 1684869100 0,200000 -1,000000 -101,000000 0,000000 0,000000
125 1684869101 0,200000 -1,000000 -101,000000 0,000000 0,000000
125 1684869102 0,200000 -1,000000 -101,000000 0,000000 0,000000
128 1684869098 0,200000 -1,000000 -101,000000 0,000000 0,000000
128 1684869099 0,200000 -1,000000 -101,000000 0,000000 0,000000
128 1684869100 0,200000 -1,000000 -101,000000 0,000000 0,000000
128 1684869101 0,200000 -1,000000 -101,000000 0,000000 0,000000
128 1684869102 0,200000 -1,000000 -101,000000 0,000000 0,000000
130 1684869098 0,200000 -1,000000 -101,000000 0,000000 0,000000
130 1684869099 0,200000 -1,000000 -101,000000 0,000000 0,000000
130 1684869100 0,200000 -1,000000 -101,000000 0,000000 0,000000
130 1684869101 0,200000 -1,000000 -101,000000 0,000000 0,000000
130 1684869102 0,200000 -1,000000 -101,000000 0,000000 0,000000
