97 1684534805 0,400000 -1,000000 -101,000000 0,000000 0,000000
97 1684534806 0,400000 -1,000000 -101,000000 0,000000 0,000000
97 1684534807 0,400000 -1,000000 -101,000000 0,000000 0,000000
97 1684534808 0,400000 -1,000000 -101,000000 0,000000 0,000000
97 1684534809 0,400000 -1,000000 -101,000000 0,000000 0,000000
97 1684534810 0,800000 -1,000000 -101,000000 0,000000 0,000000
97 1684534811 0,800000 -1,000000 -101,000000 0,000000 0,000000
97 1684534812 0,800000 -1,000000 -101,000000 0,000000 0,000000
97 1684534813 0,800000 -1,000000 -101,000000 0,000000 0,000000
97 1684534814 0,800000 -1,000000 -101,000000 0,000000 0,000000
97 1684534815 2,000000 -1,000000 -101,000000 0,000000 0,000000
97 1684534816 2,000000 -1,000000 -101,000000 0,000000 0,000000
97 1684534817 2,000000 -1,000000 -101,000000 0,000000 0,000000
97 1684534818 2,000000 -1,000000 -101,000000 0,000000 0,000000
97 1684534819 2,000000 -1,000000 -101,000000 0,000000 0,000000
97 1684534820 1,800000 -1,000000 -101,000000 0,000000 0,000000
97 1684534821 1,800000 -1,000000 -101,000000 0,000000 0,000000
97 1684534822 1,800000 -1,000000 -101,000000 0,000000 0,000000
97 1684534823 1,800000 -1,000000 -101,000000 0,000000 0,000000
97 1684534824 1,800000 -1,000000 -101,000000 0,000000 0,000000
97 1684534825 2,200000 -1,000000 -101,000000 0,000000 0,000000
97 1684534826 2,200000 -1,000000 -101,000000 0,000000 0,000000
97 1684534827 2,200000 -1,000000 -101,000000 0,000000 0,000000
97 1684534828 2,200000 -1,000000 -101,000000 0,000000 0,000000
97 1684534829 2,200000 -1,000000 -101,000000 0,000000 0,000000
97 1684534830 1,400000 -1,000000 -101,000000 0,000000 0,000000
97 1684534831 1,400000 -1,000000 -101,000000 0,000000 0,000000
97 1684534832 1,400000 -1,000000 -101,000000 0,000000 0,000000
97 1684534833 1,400000 -1,000000 -101,000000 0,000000 0,000000
97 1684534834 1,400000 -1,000000 -101,000000 0,000000 0,000000
97 1684534835 1,600000 -1,000000 -101,000000 0,000000 0,000000
97 1684534836 1,600000 -1,000000 -101,000000 0,000000 0,000000
97 1684534837 1,600000 -1,000000 -101,000000 0,000000 0,000000
97 1684534838 1,600000 -1,000000 -101,000000 0,000000 0,000000
97 1684534839 1,600000 -1,000000 -101,000000 0,000000 0,000000
97 1684534840 3,000000 -1,000000 -101,000000 0,000000 0,000000
97 1684534841 3,000000 -1,000000 -101,000000 0,000000 0,000000
97 1684534842 3,000000 -1,000000 -101,000000 0,000000 0,000000
97 1684534843 3,000000 -1,000000 -101,000000 0,000000 0,000000
97 1684534844 3,000000 -1,000000 -101,000000 0,000000 0,000000
97 1684534845 2,600000 -1,000000 -101,000000 0,000000 0,000000
97 1684534846 2,600000 -1,000000 -101,000000 0,000000 0,000000
97 1684534847 2,600000 -1,000000 -101,000000 0,000000 0,000000
97 1684534848 2,600000 -1,000000 -101,000000 0,000000 0,000000
97 1684534849 2,600000 -1,000000 -101,000000 0,000000 0,000000
97 1684534850 2,000000 -1,000000 -101,000000 0,000000 0,000000
97 1684534851 2,000000 -1,000000 -101,000000 0,000000 0,000000
97 1684534852 2,000000 -1,000000 -101,000000 0,000000 0,000000
97 1684534853 2,000000 -1,000000 -101,000000 0,000000 0,000000
97 1684534854 2,000000 -1,000000 -101,000000 0,000000 0,000000
97 1684534855 4,200000 -1,000000 -101,000000 0,000000 0,000000
97 1684534856 4,200000 -1,000000 -101,000000 0,000000 0,000000
97 1684534857 4,200000 -1,000000 -101,000000 0,000000 0,000000
97 1684534858 4,200000 -1,000000 -101,000000 0,000000 0,000000
97 1684534859 4,200000 -1,000000 -101,000000 0,000000 0,000000
97 1684534860 1,000000 -1,000000 -101,000000 0,000000 0,000000
97 1684534861 1,000000 -1,000000 -101,000000 0,000000 0,000000
97 1684534862 1,000000 -1,000000 -101,000000 0,000000 0,000000
97 1684534863 1,000000 -1,000000 -101,000000 0,000000 0,000000
97 1684534864 1,000000 -1,000000 -101,000000 0,000000 0,000000
97 1684534865 2,200000 -1,000000 -101,000000 0,000000 0,000000
97 1684534866 2,200000 -1,000000 -101,000000 0,000000 0,000000
97 1684534867 2,200000 -1,000000 -101,000000 0,000000 0,000000
97 1684534868 2,200000 -1,000000 -101,000000 0,000000 0,000000
97 1684534869 2,200000 -1,000000 -101,000000 0,000000 0,000000
97 1684534870 1,000000 -1,000000 -101,000000 0,000000 0,000000
97 1684534871 1,000000 -1,000000 -101,000000 0,000000 0,000000
97 1684534872 1,000000 -1,000000 -101,000000 0,000000 0,000000
97 1684534873 1,000000 -1,000000 -101,000000 0,000000 0,000000
97 1684534874 1,000000 -1,000000 -101,000000 0,000000 0,000000
97 1684534875 3,000000 -1,000000 -101,000000 0,000000 0,000000
97 1684534876 3,000000 -1,000000 -101,000000 0,000000 0,000000
97 1684534877 3,000000 -1,000000 -101,000000 0,000000 0,000000
97 1684534878 3,000000 -1,000000 -101,000000 0,000000 0,000000
97 1684534879 3,000000 -1,000000 -101,000000 0,000000 0,000000
97 1684534880 2,400000 -1,000000 -101,000000 0,000000 0,000000
97 1684534881 2,400000 -1,000000 -101,000000 0,000000 0,000000
97 1684534882 2,400000 -1,000000 -101,000000 0,000000 0,000000
97 1684534883 2,400000 -1,000000 -101,000000 0,000000 0,000000
97 1684534884 2,400000 -1,000000 -101,000000 0,000000 0,000000
97 1684534885 3,400000 -1,000000 -101,000000 0,000000 0,000000
97 1684534886 3,400000 -1,000000 -101,000000 0,000000 0,000000
97 1684534887 3,400000 -1,000000 -101,000000 0,000000 0,000000
97 1684534888 3,400000 -1,000000 -101,000000 0,000000 0,000000
97 1684534889 3,400000 -1,000000 -101,000000 0,000000 0,000000
97 1684534890 1,600000 -1,000000 -101,000000 0,000000 0,000000
97 1684534891 1,600000 -1,000000 -101,000000 0,000000 0,000000
97 1684534892 1,600000 -1,000000 -101,000000 0,000000 0,000000
97 1684534893 1,600000 -1,000000 -101,000000 0,000000 0,000000
97 1684534894 1,600000 -1,000000 -101,000000 0,000000 0,000000
97 1684534895 1,200000 -1,000000 -101,000000 0,000000 0,000000
97 1684534896 1,200000 -1,000000 -101,000000 0,000000 0,000000
97 1684534897 1,200000 -1,000000 -101,000000 0,000000 0,000000
97 1684534898 1,200000 -1,000000 -101,000000 0,000000 0,000000
97 1684534899 1,200000 -1,000000 -101,000000 0,000000 0,000000
97 1684534900 1,000000 -1,000000 -101,000000 0,000000 0,000000
97 1684534901 1,000000 -1,000000 -101,000000 0,000000 0,000000
97 1684534902 1,000000 -1,000000 -101,000000 0,000000 0,000000
97 1684534903 1,000000 -1,000000 -101,000000 0,000000 0,000000
97 1684534904 1,000000 -1,000000 -101,000000 0,000000 0,000000
97 1684534905 2,600000 -1,000000 -101,000000 0,000000 0,000000
97 1684534906 2,600000 -1,000000 -101,000000 0,000000 0,000000
97 1684534907 2,600000 -1,000000 -101,000000 0,000000 0,000000
97 1684534908 2,600000 -1,000000 -101,000000 0,000000 0,000000
97 1684534909 2,600000 -1,000000 -101,000000 0,000000 0,000000
97 1684534910 3,400000 -1,000000 -101,000000 0,000000 0,000000
97 1684534911 3,400000 -1,000000 -101,000000 0,000000 0,000000
97 1684534912 3,400000 -1,000000 -101,000000 0,000000 0,000000
97 1684534913 3,400000 -1,000000 -101,000000 0,000000 0,000000
97 1684534914 3,400000 -1,000000 -101,000000 0,000000 0,000000
97 1684534915 1,600000 -1,000000 -101,000000 0,000000 0,000000
97 1684534916 1,600000 -1,000000 -101,000000 0,000000 0,000000
97 1684534917 1,600000 -1,000000 -101,000000 0,000000 0,000000
97 1684534918 1,600000 -1,000000 -101,000000 0,000000 0,000000
97 1684534919 1,600000 -1,000000 -101,000000 0,000000 0,000000
97 1684534920 2,000000 -1,000000 -101,000000 0,000000 0,000000
97 1684534921 2,000000 -1,000000 -101,000000 0,000000 0,000000
97 1684534922 2,000000 -1,000000 -101,000000 0,000000 0,000000
97 1684534923 2,000000 -1,000000 -101,000000 0,000000 0,000000
97 1684534924 2,000000 -1,000000 -101,000000 0,000000 0,000000
97 1684534925 2,600000 -1,000000 -101,000000 0,000000 0,000000
97 1684534926 2,600000 -1,000000 -101,000000 0,000000 0,000000
97 1684534927 2,600000 -1,000000 -101,000000 0,000000 0,000000
97 1684534928 2,600000 -1,000000 -101,000000 0,000000 0,000000
97 1684534929 2,600000 -1,000000 -101,000000 0,000000 0,000000
97 1684534930 2,000000 -1,000000 -101,000000 0,000000 0,000000
97 1684534931 2,000000 -1,000000 -101,000000 0,000000 0,000000
97 1684534932 2,000000 -1,000000 -101,000000 0,000000 0,000000
97 1684534933 2,000000 -1,000000 -101,000000 0,000000 0,000000
97 1684534934 2,000000 -1,000000 -101,000000 0,000000 0,000000
97 1684534935 2,600000 -1,000000 -101,000000 0,000000 0,000000
97 1684534936 2,600000 -1,000000 -101,000000 0,000000 0,000000
97 1684534937 2,600000 -1,000000 -101,000000 0,000000 0,000000
97 1684534938 2,600000 -1,000000 -101,000000 0,000000 0,000000
97 1684534939 2,600000 -1,000000 -101,000000 0,000000 0,000000
97 1684534940 3,200000 -1,000000 -101,000000 0,000000 0,000000
97 1684534941 3,200000 -1,000000 -101,000000 0,000000 0,000000
97 1684534942 3,200000 -1,000000 -101,000000 0,000000 0,000000
97 1684534943 3,200000 -1,000000 -101,000000 0,000000 0,000000
97 1684534944 3,200000 -1,000000 -101,000000 0,000000 0,000000
97 1684534945 2,600000 -1,000000 -101,000000 0,000000 0,000000
97 1684534946 2,600000 -1,000000 -101,000000 0,000000 0,000000
97 1684534947 2,600000 -1,000000 -101,000000 0,000000 0,000000
97 1684534948 2,600000 -1,000000 -101,000000 0,000000 0,000000
97 1684534949 2,600000 -1,000000 -101,000000 0,000000 0,000000
97 1684534950 1,800000 -1,000000 -101,000000 0,000000 0,000000
97 1684534951 1,800000 -1,000000 -101,000000 0,000000 0,000000
97 1684534952 1,800000 -1,000000 -101,000000 0,000000 0,000000
97 1684534953 1,800000 -1,000000 -101,000000 0,000000 0,000000
97 1684534954 1,800000 -1,000000 -101,000000 0,000000 0,000000
97 1684534955 1,800000 -1,000000 -101,000000 0,000000 0,000000
97 1684534956 1,800000 -1,000000 -101,000000 0,000000 0,000000
97 1684534957 1,800000 -1,000000 -101,000000 0,000000 0,000000
97 1684534958 1,800000 -1,000000 -101,000000 0,000000 0,000000
97 1684534959 1,800000 -1,000000 -101,000000 0,000000 0,000000
97 1684534960 1,600000 -1,000000 -101,000000 0,000000 0,000000
97 1684534961 1,600000 -1,000000 -101,000000 0,000000 0,000000
97 1684534962 1,600000 -1,000000 -101,000000 0,000000 0,000000
97 1684534963 1,600000 -1,000000 -101,000000 0,000000 0,000000
97 1684534964 1,600000 -1,000000 -101,000000 0,000000 0,000000
97 1684534965 2,600000 -1,000000 -101,000000 0,000000 0,000000
97 1684534966 2,600000 -1,000000 -101,000000 0,000000 0,000000
97 1684534967 2,600000 -1,000000 -101,000000 0,000000 0,000000
97 1684534968 2,600000 -1,000000 -101,000000 0,000000 0,000000
97 1684534969 2,600000 -1,000000 -101,000000 0,000000 0,000000
97 1684534970 2,200000 -1,000000 -101,000000 0,000000 0,000000
97 1684534971 2,200000 -1,000000 -101,000000 0,000000 0,000000
97 1684534972 2,200000 -1,000000 -101,000000 0,000000 0,000000
97 1684534973 2,200000 -1,000000 -101,000000 0,000000 0,000000
97 1684534974 2,200000 -1,000000 -101,000000 0,000000 0,000000
97 1684534975 3,200000 -1,000000 -101,000000 0,000000 0,000000
97 1684534976 3,200000 -1,000000 -101,000000 0,000000 0,000000
97 1684534977 3,200000 -1,000000 -101,000000 0,000000 0,000000
97 1684534978 3,200000 -1,000000 -101,000000 0,000000 0,000000
97 1684534979 3,200000 -1,000000 -101,000000 0,000000 0,000000
97 1684534980 2,000000 -1,000000 -101,000000 0,000000 0,000000
97 1684534981 2,000000 -1,000000 -101,000000 0,000000 0,000000
97 1684534982 2,000000 -1,000000 -101,000000 0,000000 0,000000
97 1684534983 2,000000 -1,000000 -101,000000 0,000000 0,000000
97 1684534984 2,000000 -1,000000 -101,000000 0,000000 0,000000
97 1684534985 3,000000 -1,000000 -101,000000 0,000000 0,000000
97 1684534986 3,000000 -1,000000 -101,000000 0,000000 0,000000
97 1684534987 3,000000 -1,000000 -101,000000 0,000000 0,000000
97 1684534988 3,000000 -1,000000 -101,000000 0,000000 0,000000
97 1684534989 3,000000 -1,000000 -101,000000 0,000000 0,000000
97 1684534990 0,600000 -1,000000 -101,000000 0,000000 0,000000
97 1684534991 0,600000 -1,000000 -101,000000 0,000000 0,000000
97 1684534992 0,600000 -1,000000 -101,000000 0,000000 0,000000
97 1684534993 0,600000 -1,000000 -101,000000 0,000000 0,000000
97 1684534994 0,600000 -1,000000 -101,000000 0,000000 0,000000
97 1684534995 2,000000 -1,000000 -101,000000 0,000000 0,000000
97 1684534996 2,000000 -1,000000 -101,000000 0,000000 0,000000
97 1684534997 2,000000 -1,000000 -101,000000 0,000000 0,000000
97 1684534998 2,000000 -1,000000 -101,000000 0,000000 0,000000
97 1684534999 2,000000 -1,000000 -101,000000 0,000000 0,000000
97 1684535000 2,400000 -1,000000 -101,000000 0,000000 0,000000
97 1684535001 2,400000 -1,000000 -101,000000 0,000000 0,000000
97 1684535002 2,400000 -1,000000 -101,000000 0,000000 0,000000
97 1684535003 2,400000 -1,000000 -101,000000 0,000000 0,000000
97 1684535004 2,400000 -1,000000 -101,000000 0,000000 0,000000
97 1684535005 3,200000 -1,000000 -101,000000 0,000000 0,000000
97 1684535006 3,200000 -1,000000 -101,000000 0,000000 0,000000
97 1684535007 3,200000 -1,000000 -101,000000 0,000000 0,000000
97 1684535008 3,200000 -1,000000 -101,000000 0,000000 0,000000
97 1684535009 3,200000 -1,000000 -101,000000 0,000000 0,000000
97 1684535010 1,000000 -1,000000 -101,000000 0,000000 0,000000
97 1684535011 1,000000 -1,000000 -101,000000 0,000000 0,000000
97 1684535012 1,000000 -1,000000 -101,000000 0,000000 0,000000
97 1684535013 1,000000 -1,000000 -101,000000 0,000000 0,000000
97 1684535014 1,000000 -1,000000 -101,000000 0,000000 0,000000
97 1684535015 2,600000 -1,000000 -101,000000 0,000000 0,000000
97 1684535016 2,600000 -1,000000 -101,000000 0,000000 0,000000
97 1684535017 2,600000 -1,000000 -101,000000 0,000000 0,000000
97 1684535018 2,600000 -1,000000 -101,000000 0,000000 0,000000
97 1684535019 2,600000 -1,000000 -101,000000 0,000000 0,000000
97 1684535020 1,800000 -1,000000 -101,000000 0,000000 0,000000
97 1684535021 1,800000 -1,000000 -101,000000 0,000000 0,000000
97 1684535022 1,800000 -1,000000 -101,000000 0,000000 0,000000
97 1684535023 1,800000 -1,000000 -101,000000 0,000000 0,000000
97 1684535024 1,800000 -1,000000 -101,000000 0,000000 0,000000
97 1684535025 2,000000 -1,000000 -101,000000 0,000000 0,000000
97 1684535026 2,000000 -1,000000 -101,000000 0,000000 0,000000
97 1684535027 2,000000 -1,000000 -101,000000 0,000000 0,000000
97 1684535028 2,000000 -1,000000 -101,000000 0,000000 0,000000
97 1684535029 2,000000 -1,000000 -101,000000 0,000000 0,000000
97 1684535030 2,600000 -1,000000 -101,000000 0,000000 0,000000
97 1684535031 2,600000 -1,000000 -101,000000 0,000000 0,000000
97 1684535032 2,600000 -1,000000 -101,000000 0,000000 0,000000
97 1684535033 2,600000 -1,000000 -101,000000 0,000000 0,000000
97 1684535034 2,600000 -1,000000 -101,000000 0,000000 0,000000
97 1684535035 2,800000 -1,000000 -101,000000 0,000000 0,000000
97 1684535036 2,800000 -1,000000 -101,000000 0,000000 0,000000
97 1684535037 2,800000 -1,000000 -101,000000 0,000000 0,000000
97 1684535038 2,800000 -1,000000 -101,000000 0,000000 0,000000
97 1684535039 2,800000 -1,000000 -101,000000 0,000000 0,000000
97 1684535040 2,000000 -1,000000 -101,000000 0,000000 0,000000
97 1684535041 2,000000 -1,000000 -101,000000 0,000000 0,000000
97 1684535042 2,000000 -1,000000 -101,000000 0,000000 0,000000
97 1684535043 2,000000 -1,000000 -101,000000 0,000000 0,000000
97 1684535044 2,000000 -1,000000 -101,000000 0,000000 0,000000
97 1684535045 2,400000 -1,000000 -101,000000 0,000000 0,000000
97 1684535046 2,400000 -1,000000 -101,000000 0,000000 0,000000
97 1684535047 2,400000 -1,000000 -101,000000 0,000000 0,000000
97 1684535048 2,400000 -1,000000 -101,000000 0,000000 0,000000
97 1684535049 2,400000 -1,000000 -101,000000 0,000000 0,000000
97 1684535050 1,600000 -1,000000 -101,000000 0,000000 0,000000
97 1684535051 1,600000 -1,000000 -101,000000 0,000000 0,000000
97 1684535052 1,600000 -1,000000 -101,000000 0,000000 0,000000
97 1684535053 1,600000 -1,000000 -101,000000 0,000000 0,000000
97 1684535054 1,600000 -1,000000 -101,000000 0,000000 0,000000
97 1684535055 4,000000 -1,000000 -101,000000 0,000000 0,000000
97 1684535056 4,000000 -1,000000 -101,000000 0,000000 0,000000
97 1684535057 4,000000 -1,000000 -101,000000 0,000000 0,000000
97 1684535058 4,000000 -1,000000 -101,000000 0,000000 0,000000
97 1684535059 4,000000 -1,000000 -101,000000 0,000000 0,000000
97 1684535060 0,800000 -1,000000 -101,000000 0,000000 0,000000
97 1684535061 0,800000 -1,000000 -101,000000 0,000000 0,000000
97 1684535062 0,800000 -1,000000 -101,000000 0,000000 0,000000
97 1684535063 0,800000 -1,000000 -101,000000 0,000000 0,000000
97 1684535064 0,800000 -1,000000 -101,000000 0,000000 0,000000
97 1684535065 2,000000 -1,000000 -101,000000 0,000000 0,000000
97 1684535066 2,000000 -1,000000 -101,000000 0,000000 0,000000
97 1684535067 2,000000 -1,000000 -101,000000 0,000000 0,000000
97 1684535068 2,000000 -1,000000 -101,000000 0,000000 0,000000
97 1684535069 2,000000 -1,000000 -101,000000 0,000000 0,000000
97 1684535070 3,000000 -1,000000 -101,000000 0,000000 0,000000
97 1684535071 3,000000 -1,000000 -101,000000 0,000000 0,000000
97 1684535072 3,000000 -1,000000 -101,000000 0,000000 0,000000
97 1684535073 3,000000 -1,000000 -101,000000 0,000000 0,000000
97 1684535074 3,000000 -1,000000 -101,000000 0,000000 0,000000
97 1684535075 2,000000 -1,000000 -101,000000 0,000000 0,000000
97 1684535076 2,000000 -1,000000 -101,000000 0,000000 0,000000
97 1684535077 2,000000 -1,000000 -101,000000 0,000000 0,000000
97 1684535078 2,000000 -1,000000 -101,000000 0,000000 0,000000
97 1684535079 2,000000 -1,000000 -101,000000 0,000000 0,000000
97 1684535080 2,600000 -1,000000 -101,000000 0,000000 0,000000
97 1684535081 2,600000 -1,000000 -101,000000 0,000000 0,000000
97 1684535082 2,600000 -1,000000 -101,000000 0,000000 0,000000
97 1684535083 2,600000 -1,000000 -101,000000 0,000000 0,000000
97 1684535084 2,600000 -1,000000 -101,000000 0,000000 0,000000
97 1684535085 2,600000 -1,000000 -101,000000 0,000000 0,000000
97 1684535086 2,600000 -1,000000 -101,000000 0,000000 0,000000
97 1684535087 2,600000 -1,000000 -101,000000 0,000000 0,000000
97 1684535088 2,600000 -1,000000 -101,000000 0,000000 0,000000
97 1684535089 2,600000 -1,000000 -101,000000 0,000000 0,000000
97 1684535090 1,800000 -1,000000 -101,000000 0,000000 0,000000
97 1684535091 1,800000 -1,000000 -101,000000 0,000000 0,000000
97 1684535092 1,800000 -1,000000 -101,000000 0,000000 0,000000
97 1684535093 1,800000 -1,000000 -101,000000 0,000000 0,000000
97 1684535094 1,800000 -1,000000 -101,000000 0,000000 0,000000
97 1684535095 1,800000 -1,000000 -101,000000 0,000000 0,000000
97 1684535096 1,800000 -1,000000 -101,000000 0,000000 0,000000
97 1684535097 1,800000 -1,000000 -101,000000 0,000000 0,000000
97 1684535098 1,800000 -1,000000 -101,000000 0,000000 0,000000
97 1684535099 1,800000 -1,000000 -101,000000 0,000000 0,000000
97 1684535100 2,600000 -1,000000 -101,000000 0,000000 0,000000
97 1684535101 2,600000 -1,000000 -101,000000 0,000000 0,000000
97 1684535102 2,600000 -1,000000 -101,000000 0,000000 0,000000
97 1684535103 2,600000 -1,000000 -101,000000 0,000000 0,000000
97 1684535104 2,600000 -1,000000 -101,000000 0,000000 0,000000
97 1684535105 3,400000 -1,000000 -101,000000 0,000000 0,000000
97 1684535106 3,400000 -1,000000 -101,000000 0,000000 0,000000
97 1684535107 3,400000 -1,000000 -101,000000 0,000000 0,000000
97 1684535108 3,400000 -1,000000 -101,000000 0,000000 0,000000
97 1684535109 3,400000 -1,000000 -101,000000 0,000000 0,000000
97 1684535110 1,600000 -1,000000 -101,000000 0,000000 0,000000
97 1684535111 1,600000 -1,000000 -101,000000 0,000000 0,000000
97 1684535112 1,600000 -1,000000 -101,000000 0,000000 0,000000
97 1684535113 1,600000 -1,000000 -101,000000 0,000000 0,000000
97 1684535114 1,600000 -1,000000 -101,000000 0,000000 0,000000
97 1684535115 1,400000 -1,000000 -101,000000 0,000000 0,000000
97 1684535116 1,400000 -1,000000 -101,000000 0,000000 0,000000
97 1684535117 1,400000 -1,000000 -101,000000 0,000000 0,000000
97 1684535118 1,400000 -1,000000 -101,000000 0,000000 0,000000
97 1684535119 1,400000 -1,000000 -101,000000 0,000000 0,000000
97 1684535120 1,400000 -1,000000 -101,000000 0,000000 0,000000
97 1684535121 1,400000 -1,000000 -101,000000 0,000000 0,000000
97 1684535122 1,400000 -1,000000 -101,000000 0,000000 0,000000
97 1684535123 1,400000 -1,000000 -101,000000 0,000000 0,000000
97 1684535124 1,400000 -1,000000 -101,000000 0,000000 0,000000
97 1684535125 3,400000 -1,000000 -101,000000 0,000000 0,000000
97 1684535126 3,400000 -1,000000 -101,000000 0,000000 0,000000
97 1684535127 3,400000 -1,000000 -101,000000 0,000000 0,000000
97 1684535128 3,400000 -1,000000 -101,000000 0,000000 0,000000
97 1684535129 3,400000 -1,000000 -101,000000 0,000000 0,000000
97 1684535130 2,000000 -1,000000 -101,000000 0,000000 0,000000
97 1684535131 2,000000 -1,000000 -101,000000 0,000000 0,000000
97 1684535132 2,000000 -1,000000 -101,000000 0,000000 0,000000
97 1684535133 2,000000 -1,000000 -101,000000 0,000000 0,000000
97 1684535134 2,000000 -1,000000 -101,000000 0,000000 0,000000
97 1684535135 2,600000 -1,000000 -101,000000 0,000000 0,000000
97 1684535136 2,600000 -1,000000 -101,000000 0,000000 0,000000
97 1684535137 2,600000 -1,000000 -101,000000 0,000000 0,000000
97 1684535138 2,600000 -1,000000 -101,000000 0,000000 0,000000
97 1684535139 2,600000 -1,000000 -101,000000 0,000000 0,000000
97 1684535140 2,200000 -1,000000 -101,000000 0,000000 0,000000
97 1684535141 2,200000 -1,000000 -101,000000 0,000000 0,000000
97 1684535142 2,200000 -1,000000 -101,000000 0,000000 0,000000
97 1684535143 2,200000 -1,000000 -101,000000 0,000000 0,000000
97 1684535144 2,200000 -1,000000 -101,000000 0,000000 0,000000
97 1684535145 2,600000 -1,000000 -101,000000 0,000000 0,000000
97 1684535146 2,600000 -1,000000 -101,000000 0,000000 0,000000
97 1684535147 2,600000 -1,000000 -101,000000 0,000000 0,000000
97 1684535148 2,600000 -1,000000 -101,000000 0,000000 0,000000
97 1684535149 2,600000 -1,000000 -101,000000 0,000000 0,000000
97 1684535150 1,400000 -1,000000 -101,000000 0,000000 0,000000
97 1684535151 1,400000 -1,000000 -101,000000 0,000000 0,000000
97 1684535152 1,400000 -1,000000 -101,000000 0,000000 0,000000
97 1684535153 1,400000 -1,000000 -101,000000 0,000000 0,000000
97 1684535154 1,400000 -1,000000 -101,000000 0,000000 0,000000
97 1684535155 1,600000 -1,000000 -101,000000 0,000000 0,000000
97 1684535156 1,600000 -1,000000 -101,000000 0,000000 0,000000
97 1684535157 1,600000 -1,000000 -101,000000 0,000000 0,000000
97 1684535158 1,600000 -1,000000 -101,000000 0,000000 0,000000
97 1684535159 1,600000 -1,000000 -101,000000 0,000000 0,000000
97 1684535160 1,200000 -1,000000 -101,000000 0,000000 0,000000
97 1684535161 1,200000 -1,000000 -101,000000 0,000000 0,000000
97 1684535162 1,200000 -1,000000 -101,000000 0,000000 0,000000
97 1684535163 1,200000 -1,000000 -101,000000 0,000000 0,000000
97 1684535164 1,200000 -1,000000 -101,000000 0,000000 0,000000
97 1684535165 3,800000 -1,000000 -101,000000 0,000000 0,000000
97 1684535166 3,800000 -1,000000 -101,000000 0,000000 0,000000
97 1684535167 3,800000 -1,000000 -101,000000 0,000000 0,000000
97 1684535168 3,800000 -1,000000 -101,000000 0,000000 0,000000
97 1684535169 3,800000 -1,000000 -101,000000 0,000000 0,000000
97 1684535170 2,400000 -1,000000 -101,000000 0,000000 0,000000
97 1684535171 2,400000 -1,000000 -101,000000 0,000000 0,000000
97 1684535172 2,400000 -1,000000 -101,000000 0,000000 0,000000
97 1684535173 2,400000 -1,000000 -101,000000 0,000000 0,000000
97 1684535174 2,400000 -1,000000 -101,000000 0,000000 0,000000
97 1684535175 3,400000 -1,000000 -101,000000 0,000000 0,000000
97 1684535176 3,400000 -1,000000 -101,000000 0,000000 0,000000
97 1684535177 3,400000 -1,000000 -101,000000 0,000000 0,000000
97 1684535178 3,400000 -1,000000 -101,000000 0,000000 0,000000
97 1684535179 3,400000 -1,000000 -101,000000 0,000000 0,000000
97 1684535180 1,600000 -1,000000 -101,000000 0,000000 0,000000
97 1684535181 1,600000 -1,000000 -101,000000 0,000000 0,000000
97 1684535182 1,600000 -1,000000 -101,000000 0,000000 0,000000
97 1684535183 1,600000 -1,000000 -101,000000 0,000000 0,000000
97 1684535184 1,600000 -1,000000 -101,000000 0,000000 0,000000
97 1684535185 1,400000 -1,000000 -101,000000 0,000000 0,000000
97 1684535186 1,400000 -1,000000 -101,000000 0,000000 0,000000
97 1684535187 1,400000 -1,000000 -101,000000 0,000000 0,000000
97 1684535188 1,400000 -1,000000 -101,000000 0,000000 0,000000
97 1684535189 1,400000 -1,000000 -101,000000 0,000000 0,000000
97 1684535190 0,800000 -1,000000 -101,000000 0,000000 0,000000
97 1684535191 0,800000 -1,000000 -101,000000 0,000000 0,000000
97 1684535192 0,800000 -1,000000 -101,000000 0,000000 0,000000
97 1684535193 0,800000 -1,000000 -101,000000 0,000000 0,000000
97 1684535194 0,800000 -1,000000 -101,000000 0,000000 0,000000
97 1684535195 2,800000 -1,000000 -101,000000 0,000000 0,000000
97 1684535196 2,800000 -1,000000 -101,000000 0,000000 0,000000
97 1684535197 2,800000 -1,000000 -101,000000 0,000000 0,000000
97 1684535198 2,800000 -1,000000 -101,000000 0,000000 0,000000
97 1684535199 2,800000 -1,000000 -101,000000 0,000000 0,000000
97 1684535200 4,800000 -1,000000 -101,000000 0,000000 0,000000
97 1684535201 4,800000 -1,000000 -101,000000 0,000000 0,000000
97 1684535202 4,800000 -1,000000 -101,000000 0,000000 0,000000
97 1684535203 4,800000 -1,000000 -101,000000 0,000000 0,000000
97 1684535204 4,800000 -1,000000 -101,000000 0,000000 0,000000
97 1684535205 2,200000 -1,000000 -101,000000 0,000000 0,000000
97 1684535206 2,200000 -1,000000 -101,000000 0,000000 0,000000
97 1684535207 2,200000 -1,000000 -101,000000 0,000000 0,000000
97 1684535208 2,200000 -1,000000 -101,000000 0,000000 0,000000
97 1684535209 2,200000 -1,000000 -101,000000 0,000000 0,000000
97 1684535210 1,000000 -1,000000 -101,000000 0,000000 0,000000
97 1684535211 1,000000 -1,000000 -101,000000 0,000000 0,000000
97 1684535212 1,000000 -1,000000 -101,000000 0,000000 0,000000
97 1684535213 1,000000 -1,000000 -101,000000 0,000000 0,000000
97 1684535214 1,000000 -1,000000 -101,000000 0,000000 0,000000
97 1684535215 2,400000 -1,000000 -101,000000 0,000000 0,000000
97 1684535216 2,400000 -1,000000 -101,000000 0,000000 0,000000
97 1684535217 2,400000 -1,000000 -101,000000 0,000000 0,000000
97 1684535218 2,400000 -1,000000 -101,000000 0,000000 0,000000
97 1684535219 2,400000 -1,000000 -101,000000 0,000000 0,000000
97 1684535220 1,200000 -1,000000 -101,000000 0,000000 0,000000
97 1684535221 1,200000 -1,000000 -101,000000 0,000000 0,000000
97 1684535222 1,200000 -1,000000 -101,000000 0,000000 0,000000
97 1684535223 1,200000 -1,000000 -101,000000 0,000000 0,000000
97 1684535224 1,200000 -1,000000 -101,000000 0,000000 0,000000
97 1684535225 2,600000 -1,000000 -101,000000 0,000000 0,000000
97 1684535226 2,600000 -1,000000 -101,000000 0,000000 0,000000
97 1684535227 2,600000 -1,000000 -101,000000 0,000000 0,000000
97 1684535228 2,600000 -1,000000 -101,000000 0,000000 0,000000
97 1684535229 2,600000 -1,000000 -101,000000 0,000000 0,000000
97 1684535230 3,000000 -1,000000 -101,000000 0,000000 0,000000
97 1684535231 3,000000 -1,000000 -101,000000 0,000000 0,000000
97 1684535232 3,000000 -1,000000 -101,000000 0,000000 0,000000
97 1684535233 3,000000 -1,000000 -101,000000 0,000000 0,000000
97 1684535234 3,000000 -1,000000 -101,000000 0,000000 0,000000
97 1684535235 2,800000 -1,000000 -101,000000 0,000000 0,000000
97 1684535236 2,800000 -1,000000 -101,000000 0,000000 0,000000
97 1684535237 2,800000 -1,000000 -101,000000 0,000000 0,000000
97 1684535238 2,800000 -1,000000 -101,000000 0,000000 0,000000
97 1684535239 2,800000 -1,000000 -101,000000 0,000000 0,000000
97 1684535240 2,000000 -1,000000 -101,000000 0,000000 0,000000
97 1684535241 2,000000 -1,000000 -101,000000 0,000000 0,000000
97 1684535242 2,000000 -1,000000 -101,000000 0,000000 0,000000
97 1684535243 2,000000 -1,000000 -101,000000 0,000000 0,000000
97 1684535244 2,000000 -1,000000 -101,000000 0,000000 0,000000
97 1684535245 2,400000 -1,000000 -101,000000 0,000000 0,000000
97 1684535246 2,400000 -1,000000 -101,000000 0,000000 0,000000
97 1684535247 2,400000 -1,000000 -101,000000 0,000000 0,000000
97 1684535248 2,400000 -1,000000 -101,000000 0,000000 0,000000
97 1684535249 2,400000 -1,000000 -101,000000 0,000000 0,000000
97 1684535250 1,800000 -1,000000 -101,000000 0,000000 0,000000
97 1684535251 1,800000 -1,000000 -101,000000 0,000000 0,000000
97 1684535252 1,800000 -1,000000 -101,000000 0,000000 0,000000
97 1684535253 1,800000 -1,000000 -101,000000 0,000000 0,000000
97 1684535254 1,800000 -1,000000 -101,000000 0,000000 0,000000
97 1684535255 1,600000 -1,000000 -101,000000 0,000000 0,000000
97 1684535256 1,600000 -1,000000 -101,000000 0,000000 0,000000
97 1684535257 1,600000 -1,000000 -101,000000 0,000000 0,000000
97 1684535258 1,600000 -1,000000 -101,000000 0,000000 0,000000
97 1684535259 1,600000 -1,000000 -101,000000 0,000000 0,000000
97 1684535260 2,000000 -1,000000 -101,000000 0,000000 0,000000
97 1684535261 2,000000 -1,000000 -101,000000 0,000000 0,000000
97 1684535262 2,000000 -1,000000 -101,000000 0,000000 0,000000
97 1684535263 2,000000 -1,000000 -101,000000 0,000000 0,000000
97 1684535264 2,000000 -1,000000 -101,000000 0,000000 0,000000
97 1684535265 2,400000 -1,000000 -101,000000 0,000000 0,000000
97 1684535266 2,400000 -1,000000 -101,000000 0,000000 0,000000
97 1684535267 2,400000 -1,000000 -101,000000 0,000000 0,000000
97 1684535268 2,400000 -1,000000 -101,000000 0,000000 0,000000
97 1684535269 2,400000 -1,000000 -101,000000 0,000000 0,000000
97 1684535270 3,400000 -1,000000 -101,000000 0,000000 0,000000
97 1684535271 3,400000 -1,000000 -101,000000 0,000000 0,000000
97 1684535272 3,400000 -1,000000 -101,000000 0,000000 0,000000
97 1684535273 3,400000 -1,000000 -101,000000 0,000000 0,000000
97 1684535274 3,400000 -1,000000 -101,000000 0,000000 0,000000
97 1684535275 1,200000 -1,000000 -101,000000 0,000000 0,000000
97 1684535276 1,200000 -1,000000 -101,000000 0,000000 0,000000
97 1684535277 1,200000 -1,000000 -101,000000 0,000000 0,000000
97 1684535278 1,200000 -1,000000 -101,000000 0,000000 0,000000
97 1684535279 1,200000 -1,000000 -101,000000 0,000000 0,000000
97 1684535280 1,200000 -1,000000 -101,000000 0,000000 0,000000
97 1684535281 1,200000 -1,000000 -101,000000 0,000000 0,000000
97 1684535282 1,200000 -1,000000 -101,000000 0,000000 0,000000
97 1684535283 1,200000 -1,000000 -101,000000 0,000000 0,000000
97 1684535284 1,200000 -1,000000 -101,000000 0,000000 0,000000
97 1684535285 2,600000 -1,000000 -101,000000 0,000000 0,000000
97 1684535286 2,600000 -1,000000 -101,000000 0,000000 0,000000
97 1684535287 2,600000 -1,000000 -101,000000 0,000000 0,000000
97 1684535288 2,600000 -1,000000 -101,000000 0,000000 0,000000
97 1684535289 2,600000 -1,000000 -101,000000 0,000000 0,000000
97 1684535290 2,600000 -1,000000 -101,000000 0,000000 0,000000
97 1684535291 2,600000 -1,000000 -101,000000 0,000000 0,000000
97 1684535292 2,600000 -1,000000 -101,000000 0,000000 0,000000
97 1684535293 2,600000 -1,000000 -101,000000 0,000000 0,000000
97 1684535294 2,600000 -1,000000 -101,000000 0,000000 0,000000
97 1684535295 3,400000 -1,000000 -101,000000 0,000000 0,000000
97 1684535296 3,400000 -1,000000 -101,000000 0,000000 0,000000
97 1684535297 3,400000 -1,000000 -101,000000 0,000000 0,000000
97 1684535298 3,400000 -1,000000 -101,000000 0,000000 0,000000
97 1684535299 3,400000 -1,000000 -101,000000 0,000000 0,000000
97 1684535300 2,000000 -1,000000 -101,000000 0,000000 0,000000
97 1684535301 2,000000 -1,000000 -101,000000 0,000000 0,000000
97 1684535302 2,000000 -1,000000 -101,000000 0,000000 0,000000
97 1684535303 2,000000 -1,000000 -101,000000 0,000000 0,000000
97 1684535304 2,000000 -1,000000 -101,000000 0,000000 0,000000
97 1684535305 2,200000 -1,000000 -101,000000 0,000000 0,000000
97 1684535306 2,200000 -1,000000 -101,000000 0,000000 0,000000
97 1684535307 2,200000 -1,000000 -101,000000 0,000000 0,000000
97 1684535308 2,200000 -1,000000 -101,000000 0,000000 0,000000
97 1684535309 2,200000 -1,000000 -101,000000 0,000000 0,000000
97 1684535310 0,800000 -1,000000 -101,000000 0,000000 0,000000
97 1684535311 0,800000 -1,000000 -101,000000 0,000000 0,000000
97 1684535312 0,800000 -1,000000 -101,000000 0,000000 0,000000
97 1684535313 0,800000 -1,000000 -101,000000 0,000000 0,000000
97 1684535314 0,800000 -1,000000 -101,000000 0,000000 0,000000
97 1684535315 2,000000 -1,000000 -101,000000 0,000000 0,000000
97 1684535316 2,000000 -1,000000 -101,000000 0,000000 0,000000
97 1684535317 2,000000 -1,000000 -101,000000 0,000000 0,000000
97 1684535318 2,000000 -1,000000 -101,000000 0,000000 0,000000
97 1684535319 2,000000 -1,000000 -101,000000 0,000000 0,000000
97 1684535320 2,400000 -1,000000 -101,000000 0,000000 0,000000
97 1684535321 2,400000 -1,000000 -101,000000 0,000000 0,000000
97 1684535322 2,400000 -1,000000 -101,000000 0,000000 0,000000
97 1684535323 2,400000 -1,000000 -101,000000 0,000000 0,000000
97 1684535324 2,400000 -1,000000 -101,000000 0,000000 0,000000
97 1684535325 3,600000 -1,000000 -101,000000 0,000000 0,000000
97 1684535326 3,600000 -1,000000 -101,000000 0,000000 0,000000
97 1684535327 3,600000 -1,000000 -101,000000 0,000000 0,000000
97 1684535328 3,600000 -1,000000 -101,000000 0,000000 0,000000
97 1684535329 3,600000 -1,000000 -101,000000 0,000000 0,000000
97 1684535330 1,800000 -1,000000 -101,000000 0,000000 0,000000
97 1684535331 1,800000 -1,000000 -101,000000 0,000000 0,000000
97 1684535332 1,800000 -1,000000 -101,000000 0,000000 0,000000
97 1684535333 1,800000 -1,000000 -101,000000 0,000000 0,000000
97 1684535334 1,800000 -1,000000 -101,000000 0,000000 0,000000
97 1684535335 2,600000 -1,000000 -101,000000 0,000000 0,000000
97 1684535336 2,600000 -1,000000 -101,000000 0,000000 0,000000
97 1684535337 2,600000 -1,000000 -101,000000 0,000000 0,000000
97 1684535399 2,600000 -1,000000 2,600000 2,600000 0,000000
97 1684535398 2,600000 -1,000000 2,600000 2,600000 0,000000
97 1684535397 2,600000 -1,000000 2,600000 2,600000 0,000000
97 1684535396 2,600000 -1,000000 2,600000 2,600000 0,000000
97 1684535395 2,600000 -1,000000 2,600000 2,600000 0,000000
97 1684535394 3,000000 -1,000000 3,000000 3,000000 0,000000
97 1684535393 3,000000 -1,000000 3,000000 3,000000 0,000000
97 1684535392 3,000000 -1,000000 3,000000 3,000000 0,000000
97 1684535391 3,000000 -1,000000 3,000000 3,000000 0,000000
97 1684535390 3,000000 -1,000000 3,000000 3,000000 0,000000
97 1684535389 2,000000 -1,000000 2,000000 2,000000 0,000000
97 1684535388 2,000000 -1,000000 2,000000 2,000000 0,000000
97 1684535387 2,000000 -1,000000 2,000000 2,000000 0,000000
97 1684535386 2,000000 -1,000000 2,000000 2,000000 0,000000
97 1684535385 2,000000 -1,000000 2,000000 2,000000 0,000000
97 1684535384 2,000000 -1,000000 2,000000 2,000000 0,000000
97 1684535383 2,000000 -1,000000 2,000000 2,000000 0,000000
97 1684535382 2,000000 -1,000000 2,000000 2,000000 0,000000
97 1684535381 2,000000 -1,000000 2,000000 2,000000 0,000000
97 1684535380 2,000000 -1,000000 2,000000 2,000000 0,000000
97 1684535379 1,600000 -1,000000 1,600000 1,600000 0,000000
97 1684535378 1,600000 -1,000000 1,600000 1,600000 0,000000
97 1684535377 1,600000 -1,000000 1,600000 1,600000 0,000000
97 1684535376 1,600000 -1,000000 1,600000 1,600000 0,000000
97 1684535375 1,600000 -1,000000 1,600000 1,600000 0,000000
97 1684535374 0,600000 -1,000000 0,600000 0,600000 0,000000
97 1684535373 0,600000 -1,000000 0,600000 0,600000 0,000000
97 1684535372 0,600000 -1,000000 0,600000 0,600000 0,000000
97 1684535371 0,600000 -1,000000 0,600000 0,600000 0,000000
97 1684535370 0,600000 -1,000000 0,600000 0,600000 0,000000
97 1684535369 3,000000 -1,000000 3,000000 3,000000 0,000000
97 1684535368 3,000000 -1,000000 3,000000 3,000000 0,000000
97 1684535367 3,000000 -1,000000 3,000000 3,000000 0,000000
97 1684535366 3,000000 -1,000000 3,000000 3,000000 0,000000
97 1684535365 3,000000 -1,000000 3,000000 3,000000 0,000000
97 1684535364 3,400000 -1,000000 3,400000 3,400000 0,000000
97 1684535363 3,400000 -1,000000 3,400000 3,400000 0,000000
97 1684535362 3,400000 -1,000000 3,400000 3,400000 0,000000
97 1684535361 3,400000 -1,000000 3,400000 3,400000 0,000000
97 1684535360 3,400000 -1,000000 3,400000 3,400000 0,000000
97 1684535359 2,400000 -1,000000 2,400000 2,400000 0,000000
97 1684535358 2,400000 -1,000000 2,400000 2,400000 0,000000
97 1684535357 2,400000 -1,000000 2,400000 2,400000 0,000000
97 1684535356 2,400000 -1,000000 2,400000 2,400000 0,000000
97 1684535355 2,400000 -1,000000 2,400000 2,400000 0,000000
97 1684535354 0,600000 -1,000000 0,600000 0,600000 0,000000
97 1684535353 0,600000 -1,000000 0,600000 0,600000 0,000000
97 1684535352 0,600000 -1,000000 0,600000 0,600000 0,000000
97 1684535351 0,600000 -1,000000 0,600000 0,600000 0,000000
97 1684535350 0,600000 -1,000000 0,600000 0,600000 0,000000
97 1684535349 3,200000 -1,000000 3,200000 3,200000 0,000000
97 1684535348 3,200000 -1,000000 3,200000 3,200000 0,000000
97 1684535347 3,200000 -1,000000 3,200000 3,200000 0,000000
97 1684535346 3,200000 -1,000000 3,200000 3,200000 0,000000
97 1684535345 3,200000 -1,000000 3,200000 3,200000 0,000000
97 1684535344 1,200000 -1,000000 1,200000 1,200000 0,000000
97 1684535343 1,200000 -1,000000 1,200000 1,200000 0,000000
97 1684535342 1,200000 -1,000000 1,200000 1,200000 0,000000
97 1684535341 1,200000 -1,000000 1,200000 1,200000 0,000000
97 1684535340 1,200000 -1,000000 1,200000 1,200000 0,000000
97 1684535339 2,600000 -1,000000 2,600000 2,600000 0,000000
97 1684535338 2,600000 -1,000000 2,600000 2,600000 0,000000
97 1684535338 2,600000 -1,000000 -101,000000 0,000000 0,000000
97 1684535339 2,600000 -1,000000 -101,000000 0,000000 0,000000
97 1684535340 1,200000 -1,000000 -101,000000 0,000000 0,000000
97 1684535341 1,200000 -1,000000 -101,000000 0,000000 0,000000
97 1684535342 1,200000 -1,000000 -101,000000 0,000000 0,000000
97 1684535343 1,200000 -1,000000 -101,000000 0,000000 0,000000
97 1684535344 1,200000 -1,000000 -101,000000 0,000000 0,000000
97 1684535345 3,200000 -1,000000 -101,000000 0,000000 0,000000
97 1684535346 3,200000 -1,000000 -101,000000 0,000000 0,000000
97 1684535347 3,200000 -1,000000 -101,000000 0,000000 0,000000
97 1684535348 3,200000 -1,000000 -101,000000 0,000000 0,000000
97 1684535349 3,200000 -1,000000 -101,000000 0,000000 0,000000
97 1684535350 0,600000 -1,000000 -101,000000 0,000000 0,000000
97 1684535351 0,600000 -1,000000 -101,000000 0,000000 0,000000
97 1684535352 0,600000 -1,000000 -101,000000 0,000000 0,000000
97 1684535353 0,600000 -1,000000 -101,000000 0,000000 0,000000
97 1684535354 0,600000 -1,000000 -101,000000 0,000000 0,000000
97 1684535355 2,400000 -1,000000 -101,000000 0,000000 0,000000
97 1684535356 2,400000 -1,000000 -101,000000 0,000000 0,000000
97 1684535357 2,400000 -1,000000 -101,000000 0,000000 0,000000
97 1684535358 2,400000 -1,000000 -101,000000 0,000000 0,000000
97 1684535359 2,400000 -1,000000 -101,000000 0,000000 0,000000
97 1684535360 3,400000 -1,000000 -101,000000 0,000000 0,000000
97 1684535361 3,400000 -1,000000 -101,000000 0,000000 0,000000
97 1684535362 3,400000 -1,000000 -101,000000 0,000000 0,000000
97 1684535363 3,400000 -1,000000 -101,000000 0,000000 0,000000
97 1684535364 3,400000 -1,000000 -101,000000 0,000000 0,000000
97 1684535365 3,000000 -1,000000 -101,000000 0,000000 0,000000
97 1684535366 3,000000 -1,000000 -101,000000 0,000000 0,000000
97 1684535367 3,000000 -1,000000 -101,000000 0,000000 0,000000
97 1684535368 3,000000 -1,000000 -101,000000 0,000000 0,000000
97 1684535369 3,000000 -1,000000 -101,000000 0,000000 0,000000
97 1684535370 0,600000 -1,000000 -101,000000 0,000000 0,000000
97 1684535371 0,600000 -1,000000 -101,000000 0,000000 0,000000
97 1684535372 0,600000 -1,000000 -101,000000 0,000000 0,000000
97 1684535373 0,600000 -1,000000 -101,000000 0,000000 0,000000
97 1684535374 0,600000 -1,000000 -101,000000 0,000000 0,000000
97 1684535375 1,600000 -1,000000 -101,000000 0,000000 0,000000
97 1684535376 1,600000 -1,000000 -101,000000 0,000000 0,000000
97 1684535377 1,600000 -1,000000 -101,000000 0,000000 0,000000
97 1684535378 1,600000 -1,000000 -101,000000 0,000000 0,000000
97 1684535379 1,600000 -1,000000 -101,000000 0,000000 0,000000
97 1684535380 2,000000 -1,000000 -101,000000 0,000000 0,000000
97 1684535381 2,000000 -1,000000 -101,000000 0,000000 0,000000
97 1684535382 2,000000 -1,000000 -101,000000 0,000000 0,000000
97 1684535383 2,000000 -1,000000 -101,000000 0,000000 0,000000
97 1684535384 2,000000 -1,000000 -101,000000 0,000000 0,000000
97 1684535385 2,000000 -1,000000 -101,000000 0,000000 0,000000
97 1684535386 2,000000 -1,000000 -101,000000 0,000000 0,000000
97 1684535387 2,000000 -1,000000 -101,000000 0,000000 0,000000
97 1684535388 2,000000 -1,000000 -101,000000 0,000000 0,000000
97 1684535389 2,000000 -1,000000 -101,000000 0,000000 0,000000
97 1684535390 3,000000 -1,000000 -101,000000 0,000000 0,000000
97 1684535391 3,000000 -1,000000 -101,000000 0,000000 0,000000
97 1684535392 3,000000 -1,000000 -101,000000 0,000000 0,000000
97 1684535393 3,000000 -1,000000 -101,000000 0,000000 0,000000
97 1684535394 3,000000 -1,000000 -101,000000 0,000000 0,000000
97 1684535395 2,600000 -1,000000 -101,000000 0,000000 0,000000
97 1684535396 2,600000 -1,000000 -101,000000 0,000000 0,000000
97 1684535397 2,600000 -1,000000 -101,000000 0,000000 0,000000
97 1684535398 2,600000 -1,000000 -101,000000 0,000000 0,000000
97 1684535399 2,600000 -1,000000 -101,000000 0,000000 0,000000
97 1684535400 1,800000 -1,000000 -101,000000 0,000000 0,000000
97 1684535401 1,800000 -1,000000 -101,000000 0,000000 0,000000
97 1684535402 1,800000 -1,000000 -101,000000 0,000000 0,000000
97 1684535403 1,800000 -1,000000 -101,000000 0,000000 0,000000
97 1684535404 1,800000 -1,000000 -101,000000 0,000000 0,000000
97 1684535405 2,400000 -1,000000 -101,000000 0,000000 0,000000
97 1684535406 2,400000 -1,000000 -101,000000 0,000000 0,000000
97 1684535407 2,400000 -1,000000 -101,000000 0,000000 0,000000
97 1684535408 2,400000 -1,000000 -101,000000 0,000000 0,000000
97 1684535409 2,400000 -1,000000 -101,000000 0,000000 0,000000
97 1684535410 1,600000 -1,000000 -101,000000 0,000000 0,000000
97 1684535411 1,600000 -1,000000 -101,000000 0,000000 0,000000
97 1684535412 1,600000 -1,000000 -101,000000 0,000000 0,000000
97 1684535413 1,600000 -1,000000 -101,000000 0,000000 0,000000
97 1684535414 1,600000 -1,000000 -101,000000 0,000000 0,000000
97 1684535415 3,400000 -1,000000 -101,000000 0,000000 0,000000
97 1684535416 3,400000 -1,000000 -101,000000 0,000000 0,000000
97 1684535417 3,400000 -1,000000 -101,000000 0,000000 0,000000
97 1684535418 3,400000 -1,000000 -101,000000 0,000000 0,000000
97 1684535419 3,400000 -1,000000 -101,000000 0,000000 0,000000
97 1684535420 1,800000 -1,000000 -101,000000 0,000000 0,000000
97 1684535421 1,800000 -1,000000 -101,000000 0,000000 0,000000
97 1684535422 1,800000 -1,000000 -101,000000 0,000000 0,000000
97 1684535423 1,800000 -1,000000 -101,000000 0,000000 0,000000
97 1684535424 1,800000 -1,000000 -101,000000 0,000000 0,000000
97 1684535425 2,200000 -1,000000 -101,000000 0,000000 0,000000
97 1684535426 2,200000 -1,000000 -101,000000 0,000000 0,000000
97 1684535427 2,200000 -1,000000 -101,000000 0,000000 0,000000
97 1684535428 2,200000 -1,000000 -101,000000 0,000000 0,000000
97 1684535429 2,200000 -1,000000 -101,000000 0,000000 0,000000
97 1684535430 3,800000 -1,000000 -101,000000 0,000000 0,000000
97 1684535431 3,800000 -1,000000 -101,000000 0,000000 0,000000
97 1684535432 3,800000 -1,000000 -101,000000 0,000000 0,000000
97 1684535433 3,800000 -1,000000 -101,000000 0,000000 0,000000
97 1684535434 3,800000 -1,000000 -101,000000 0,000000 0,000000
97 1684535435 2,600000 -1,000000 -101,000000 0,000000 0,000000
97 1684535436 2,600000 -1,000000 -101,000000 0,000000 0,000000
97 1684535437 2,600000 -1,000000 -101,000000 0,000000 0,000000
97 1684535438 2,600000 -1,000000 -101,000000 0,000000 0,000000
97 1684535439 2,600000 -1,000000 -101,000000 0,000000 0,000000
97 1684535440 1,400000 -1,000000 -101,000000 0,000000 0,000000
97 1684535441 1,400000 -1,000000 -101,000000 0,000000 0,000000
97 1684535442 1,400000 -1,000000 -101,000000 0,000000 0,000000
97 1684535443 1,400000 -1,000000 -101,000000 0,000000 0,000000
97 1684535444 1,400000 -1,000000 -101,000000 0,000000 0,000000
97 1684535445 1,800000 -1,000000 -101,000000 0,000000 0,000000
97 1684535446 1,800000 -1,000000 -101,000000 0,000000 0,000000
97 1684535447 1,800000 -1,000000 -101,000000 0,000000 0,000000
97 1684535448 1,800000 -1,000000 -101,000000 0,000000 0,000000
97 1684535449 1,800000 -1,000000 -101,000000 0,000000 0,000000
97 1684535450 2,200000 -1,000000 -101,000000 0,000000 0,000000
97 1684535451 2,200000 -1,000000 -101,000000 0,000000 0,000000
97 1684535452 2,200000 -1,000000 -101,000000 0,000000 0,000000
97 1684535453 2,200000 -1,000000 -101,000000 0,000000 0,000000
97 1684535454 2,200000 -1,000000 -101,000000 0,000000 0,000000
97 1684535455 2,800000 -1,000000 -101,000000 0,000000 0,000000
97 1684535456 2,800000 -1,000000 -101,000000 0,000000 0,000000
97 1684535457 2,800000 -1,000000 -101,000000 0,000000 0,000000
97 1684535458 2,800000 -1,000000 -101,000000 0,000000 0,000000
97 1684535459 2,800000 -1,000000 -101,000000 0,000000 0,000000
97 1684535460 2,400000 -1,000000 -101,000000 0,000000 0,000000
97 1684535461 2,400000 -1,000000 -101,000000 0,000000 0,000000
97 1684535462 2,400000 -1,000000 -101,000000 0,000000 0,000000
97 1684535463 2,400000 -1,000000 -101,000000 0,000000 0,000000
97 1684535464 2,400000 -1,000000 -101,000000 0,000000 0,000000
97 1684535465 3,000000 -1,000000 -101,000000 0,000000 0,000000
97 1684535466 3,000000 -1,000000 -101,000000 0,000000 0,000000
97 1684535467 3,000000 -1,000000 -101,000000 0,000000 0,000000
97 1684535468 3,000000 -1,000000 -101,000000 0,000000 0,000000
97 1684535469 3,000000 -1,000000 -101,000000 0,000000 0,000000
97 1684535470 0,600000 -1,000000 -101,000000 0,000000 0,000000
97 1684535471 0,600000 -1,000000 -101,000000 0,000000 0,000000
97 1684535472 0,600000 -1,000000 -101,000000 0,000000 0,000000
97 1684535473 0,600000 -1,000000 -101,000000 0,000000 0,000000
97 1684535474 0,600000 -1,000000 -101,000000 0,000000 0,000000
97 1684535475 1,600000 -1,000000 -101,000000 0,000000 0,000000
97 1684535476 1,600000 -1,000000 -101,000000 0,000000 0,000000
97 1684535477 1,600000 -1,000000 -101,000000 0,000000 0,000000
97 1684535478 1,600000 -1,000000 -101,000000 0,000000 0,000000
97 1684535479 1,600000 -1,000000 -101,000000 0,000000 0,000000
97 1684535480 1,800000 -1,000000 -101,000000 0,000000 0,000000
97 1684535481 1,800000 -1,000000 -101,000000 0,000000 0,000000
97 1684535482 1,800000 -1,000000 -101,000000 0,000000 0,000000
97 1684535483 1,800000 -1,000000 -101,000000 0,000000 0,000000
97 1684535484 1,800000 -1,000000 -101,000000 0,000000 0,000000
97 1684535485 4,200000 -1,000000 -101,000000 0,000000 0,000000
97 1684535486 4,200000 -1,000000 -101,000000 0,000000 0,000000
97 1684535487 4,200000 -1,000000 -101,000000 0,000000 0,000000
97 1684535488 4,200000 -1,000000 -101,000000 0,000000 0,000000
97 1684535489 4,200000 -1,000000 -101,000000 0,000000 0,000000
97 1684535490 1,000000 -1,000000 -101,000000 0,000000 0,000000
97 1684535491 1,000000 -1,000000 -101,000000 0,000000 0,000000
97 1684535492 1,000000 -1,000000 -101,000000 0,000000 0,000000
97 1684535493 1,000000 -1,000000 -101,000000 0,000000 0,000000
97 1684535494 1,000000 -1,000000 -101,000000 0,000000 0,000000
97 1684535495 2,200000 -1,000000 -101,000000 0,000000 0,000000
97 1684535496 2,200000 -1,000000 -101,000000 0,000000 0,000000
97 1684535497 2,200000 -1,000000 -101,000000 0,000000 0,000000
97 1684535498 2,200000 -1,000000 -101,000000 0,000000 0,000000
97 1684535499 2,200000 -1,000000 -101,000000 0,000000 0,000000
97 1684535500 1,200000 -1,000000 -101,000000 0,000000 0,000000
97 1684535501 1,200000 -1,000000 -101,000000 0,000000 0,000000
97 1684535502 1,200000 -1,000000 -101,000000 0,000000 0,000000
97 1684535503 1,200000 -1,000000 -101,000000 0,000000 0,000000
97 1684535504 1,200000 -1,000000 -101,000000 0,000000 0,000000
97 1684535505 2,600000 -1,000000 -101,000000 0,000000 0,000000
97 1684535506 2,600000 -1,000000 -101,000000 0,000000 0,000000
97 1684535507 2,600000 -1,000000 -101,000000 0,000000 0,000000
97 1684535508 2,600000 -1,000000 -101,000000 0,000000 0,000000
97 1684535509 2,600000 -1,000000 -101,000000 0,000000 0,000000
97 1684535510 1,600000 -1,000000 -101,000000 0,000000 0,000000
97 1684535511 1,600000 -1,000000 -101,000000 0,000000 0,000000
97 1684535512 1,600000 -1,000000 -101,000000 0,000000 0,000000
97 1684535513 1,600000 -1,000000 -101,000000 0,000000 0,000000
97 1684535514 1,600000 -1,000000 -101,000000 0,000000 0,000000
97 1684535515 2,200000 -1,000000 -101,000000 0,000000 0,000000
97 1684535516 2,200000 -1,000000 -101,000000 0,000000 0,000000
97 1684535517 2,200000 -1,000000 -101,000000 0,000000 0,000000
97 1684535518 2,200000 -1,000000 -101,000000 0,000000 0,000000
97 1684535519 2,200000 -1,000000 -101,000000 0,000000 0,000000
97 1684535520 3,200000 -1,000000 -101,000000 0,000000 0,000000
97 1684535521 3,200000 -1,000000 -101,000000 0,000000 0,000000
97 1684535522 3,200000 -1,000000 -101,000000 0,000000 0,000000
97 1684535523 3,200000 -1,000000 -101,000000 0,000000 0,000000
97 1684535524 3,200000 -1,000000 -101,000000 0,000000 0,000000
97 1684535525 3,600000 -1,000000 -101,000000 0,000000 0,000000
97 1684535526 3,600000 -1,000000 -101,000000 0,000000 0,000000
97 1684535527 3,600000 -1,000000 -101,000000 0,000000 0,000000
97 1684535528 3,600000 -1,000000 -101,000000 0,000000 0,000000
97 1684535529 3,600000 -1,000000 -101,000000 0,000000 0,000000
97 1684535530 1,800000 -1,000000 -101,000000 0,000000 0,000000
97 1684535531 1,800000 -1,000000 -101,000000 0,000000 0,000000
97 1684535532 1,800000 -1,000000 -101,000000 0,000000 0,000000
97 1684535533 1,800000 -1,000000 -101,000000 0,000000 0,000000
97 1684535534 1,800000 -1,000000 -101,000000 0,000000 0,000000
97 1684535535 2,400000 -1,000000 -101,000000 0,000000 0,000000
97 1684535536 2,400000 -1,000000 -101,000000 0,000000 0,000000
97 1684535537 2,400000 -1,000000 -101,000000 0,000000 0,000000
97 1684535538 2,400000 -1,000000 -101,000000 0,000000 0,000000
97 1684535539 2,400000 -1,000000 -101,000000 0,000000 0,000000
97 1684535540 1,800000 -1,000000 -101,000000 0,000000 0,000000
97 1684535541 1,800000 -1,000000 -101,000000 0,000000 0,000000
97 1684535542 1,800000 -1,000000 -101,000000 0,000000 0,000000
97 1684535543 1,800000 -1,000000 -101,000000 0,000000 0,000000
97 1684535544 1,800000 -1,000000 -101,000000 0,000000 0,000000
97 1684535545 1,800000 -1,000000 -101,000000 0,000000 0,000000
97 1684535546 1,800000 -1,000000 -101,000000 0,000000 0,000000
97 1684535547 1,800000 -1,000000 -101,000000 0,000000 0,000000
97 1684535548 1,800000 -1,000000 -101,000000 0,000000 0,000000
97 1684535549 1,800000 -1,000000 -101,000000 0,000000 0,000000
97 1684535550 3,000000 -1,000000 -101,000000 0,000000 0,000000
97 1684535551 3,000000 -1,000000 -101,000000 0,000000 0,000000
97 1684535552 3,000000 -1,000000 -101,000000 0,000000 0,000000
97 1684535553 3,000000 -1,000000 -101,000000 0,000000 0,000000
97 1684535554 3,000000 -1,000000 -101,000000 0,000000 0,000000
97 1684535555 2,400000 -1,000000 -101,000000 0,000000 0,000000
97 1684535556 2,400000 -1,000000 -101,000000 0,000000 0,000000
97 1684535557 2,400000 -1,000000 -101,000000 0,000000 0,000000
97 1684535558 2,400000 -1,000000 -101,000000 0,000000 0,000000
97 1684535559 2,400000 -1,000000 -101,000000 0,000000 0,000000
97 1684535560 3,400000 -1,000000 -101,000000 0,000000 0,000000
97 1684535561 3,400000 -1,000000 -101,000000 0,000000 0,000000
97 1684535562 3,400000 -1,000000 -101,000000 0,000000 0,000000
97 1684535563 3,400000 -1,000000 -101,000000 0,000000 0,000000
97 1684535564 3,400000 -1,000000 -101,000000 0,000000 0,000000
97 1684535565 1,200000 -1,000000 -101,000000 0,000000 0,000000
97 1684535566 1,200000 -1,000000 -101,000000 0,000000 0,000000
97 1684535567 1,200000 -1,000000 -101,000000 0,000000 0,000000
97 1684535568 1,200000 -1,000000 -101,000000 0,000000 0,000000
97 1684535569 1,200000 -1,000000 -101,000000 0,000000 0,000000
97 1684535570 1,200000 -1,000000 -101,000000 0,000000 0,000000
97 1684535571 1,200000 -1,000000 -101,000000 0,000000 0,000000
97 1684535572 1,200000 -1,000000 -101,000000 0,000000 0,000000
97 1684535573 1,200000 -1,000000 -101,000000 0,000000 0,000000
97 1684535574 1,200000 -1,000000 -101,000000 0,000000 0,000000
97 1684535575 2,800000 -1,000000 -101,000000 0,000000 0,000000
97 1684535576 2,800000 -1,000000 -101,000000 0,000000 0,000000
97 1684535577 2,800000 -1,000000 -101,000000 0,000000 0,000000
97 1684535578 2,800000 -1,000000 -101,000000 0,000000 0,000000
97 1684535579 2,800000 -1,000000 -101,000000 0,000000 0,000000
97 1684535580 2,200000 -1,000000 -101,000000 0,000000 0,000000
97 1684535581 2,200000 -1,000000 -101,000000 0,000000 0,000000
97 1684535582 2,200000 -1,000000 -101,000000 0,000000 0,000000
97 1684535583 2,200000 -1,000000 -101,000000 0,000000 0,000000
97 1684535584 2,200000 -1,000000 -101,000000 0,000000 0,000000
97 1684535585 2,400000 -1,000000 -101,000000 0,000000 0,000000
97 1684535586 2,400000 -1,000000 -101,000000 0,000000 0,000000
97 1684535587 2,400000 -1,000000 -101,000000 0,000000 0,000000
97 1684535588 2,400000 -1,000000 -101,000000 0,000000 0,000000
97 1684535589 2,400000 -1,000000 -101,000000 0,000000 0,000000
97 1684535590 2,000000 -1,000000 -101,000000 0,000000 0,000000
97 1684535591 2,000000 -1,000000 -101,000000 0,000000 0,000000
97 1684535592 2,000000 -1,000000 -101,000000 0,000000 0,000000
97 1684535593 2,000000 -1,000000 -101,000000 0,000000 0,000000
97 1684535594 2,000000 -1,000000 -101,000000 0,000000 0,000000
97 1684535595 2,400000 -1,000000 -101,000000 0,000000 0,000000
97 1684535596 2,400000 -1,000000 -101,000000 0,000000 0,000000
97 1684535597 2,400000 -1,000000 -101,000000 0,000000 0,000000
97 1684535598 2,400000 -1,000000 -101,000000 0,000000 0,000000
97 1684535599 2,400000 -1,000000 -101,000000 0,000000 0,000000
97 1684535600 1,000000 -1,000000 -101,000000 0,000000 0,000000
97 1684535601 1,000000 -1,000000 -101,000000 0,000000 0,000000
97 1684535602 1,000000 -1,000000 -101,000000 0,000000 0,000000
97 1684535603 1,000000 -1,000000 -101,000000 0,000000 0,000000
97 1684535604 1,000000 -1,000000 -101,000000 0,000000 0,000000
97 1684535605 2,600000 -1,000000 -101,000000 0,000000 0,000000
97 1684535606 2,600000 -1,000000 -101,000000 0,000000 0,000000
97 1684535607 2,600000 -1,000000 -101,000000 0,000000 0,000000
97 1684535608 2,600000 -1,000000 -101,000000 0,000000 0,000000
97 1684535609 2,600000 -1,000000 -101,000000 0,000000 0,000000
97 1684535610 2,200000 -1,000000 -101,000000 0,000000 0,000000
97 1684535611 2,200000 -1,000000 -101,000000 0,000000 0,000000
97 1684535612 2,200000 -1,000000 -101,000000 0,000000 0,000000
97 1684535613 2,200000 -1,000000 -101,000000 0,000000 0,000000
97 1684535614 2,200000 -1,000000 -101,000000 0,000000 0,000000
97 1684535615 2,600000 -1,000000 -101,000000 0,000000 0,000000
97 1684535616 2,600000 -1,000000 -101,000000 0,000000 0,000000
97 1684535617 2,600000 -1,000000 -101,000000 0,000000 0,000000
97 1684535618 2,600000 -1,000000 -101,000000 0,000000 0,000000
97 1684535619 2,600000 -1,000000 -101,000000 0,000000 0,000000
97 1684535620 1,800000 -1,000000 -101,000000 0,000000 0,000000
97 1684535621 1,800000 -1,000000 -101,000000 0,000000 0,000000
97 1684535622 1,800000 -1,000000 -101,000000 0,000000 0,000000
97 1684535623 1,800000 -1,000000 -101,000000 0,000000 0,000000
97 1684535624 1,800000 -1,000000 -101,000000 0,000000 0,000000
97 1684535625 2,200000 -1,000000 -101,000000 0,000000 0,000000
97 1684535626 2,200000 -1,000000 -101,000000 0,000000 0,000000
97 1684535627 2,200000 -1,000000 -101,000000 0,000000 0,000000
97 1684535628 2,200000 -1,000000 -101,000000 0,000000 0,000000
97 1684535629 2,200000 -1,000000 -101,000000 0,000000 0,000000
97 1684535630 3,400000 -1,000000 -101,000000 0,000000 0,000000
97 1684535631 3,400000 -1,000000 -101,000000 0,000000 0,000000
97 1684535632 3,400000 -1,000000 -101,000000 0,000000 0,000000
97 1684535633 3,400000 -1,000000 -101,000000 0,000000 0,000000
97 1684535634 3,400000 -1,000000 -101,000000 0,000000 0,000000
97 1684535635 2,400000 -1,000000 -101,000000 0,000000 0,000000
97 1684535636 2,400000 -1,000000 -101,000000 0,000000 0,000000
97 1684535637 2,400000 -1,000000 -101,000000 0,000000 0,000000
97 1684535638 2,400000 -1,000000 -101,000000 0,000000 0,000000
97 1684535639 2,400000 -1,000000 -101,000000 0,000000 0,000000
97 1684535640 1,400000 -1,000000 -101,000000 0,000000 0,000000
97 1684535641 1,400000 -1,000000 -101,000000 0,000000 0,000000
97 1684535642 1,400000 -1,000000 -101,000000 0,000000 0,000000
97 1684535643 1,400000 -1,000000 -101,000000 0,000000 0,000000
97 1684535644 1,400000 -1,000000 -101,000000 0,000000 0,000000
97 1684535645 3,600000 -1,000000 -101,000000 0,000000 0,000000
97 1684535646 3,600000 -1,000000 -101,000000 0,000000 0,000000
97 1684535647 3,600000 -1,000000 -101,000000 0,000000 0,000000
97 1684535648 3,600000 -1,000000 -101,000000 0,000000 0,000000
97 1684535649 3,600000 -1,000000 -101,000000 0,000000 0,000000
97 1684535650 1,400000 -1,000000 -101,000000 0,000000 0,000000
97 1684535651 1,400000 -1,000000 -101,000000 0,000000 0,000000
97 1684535652 1,400000 -1,000000 -101,000000 0,000000 0,000000
97 1684535653 1,400000 -1,000000 -101,000000 0,000000 0,000000
97 1684535654 1,400000 -1,000000 -101,000000 0,000000 0,000000
97 1684535655 3,000000 -1,000000 -101,000000 0,000000 0,000000
97 1684535656 3,000000 -1,000000 -101,000000 0,000000 0,000000
97 1684535657 3,000000 -1,000000 -101,000000 0,000000 0,000000
97 1684535658 3,000000 -1,000000 -101,000000 0,000000 0,000000
97 1684535659 3,000000 -1,000000 -101,000000 0,000000 0,000000
97 1684535660 1,200000 -1,000000 -101,000000 0,000000 0,000000
97 1684535661 1,200000 -1,000000 -101,000000 0,000000 0,000000
97 1684535662 1,200000 -1,000000 -101,000000 0,000000 0,000000
97 1684535663 1,200000 -1,000000 -101,000000 0,000000 0,000000
97 1684535664 1,200000 -1,000000 -101,000000 0,000000 0,000000
97 1684535665 3,200000 -1,000000 -101,000000 0,000000 0,000000
97 1684535666 3,200000 -1,000000 -101,000000 0,000000 0,000000
97 1684535667 3,200000 -1,000000 -101,000000 0,000000 0,000000
97 1684535668 3,200000 -1,000000 -101,000000 0,000000 0,000000
97 1684535669 3,200000 -1,000000 -101,000000 0,000000 0,000000
97 1684535670 1,000000 -1,000000 -101,000000 0,000000 0,000000
97 1684535671 1,000000 -1,000000 -101,000000 0,000000 0,000000
97 1684535672 1,000000 -1,000000 -101,000000 0,000000 0,000000
97 1684535673 1,000000 -1,000000 -101,000000 0,000000 0,000000
97 1684535674 1,000000 -1,000000 -101,000000 0,000000 0,000000
97 1684535675 2,200000 -1,000000 -101,000000 0,000000 0,000000
97 1684535676 2,200000 -1,000000 -101,000000 0,000000 0,000000
97 1684535677 2,200000 -1,000000 -101,000000 0,000000 0,000000
97 1684535678 2,200000 -1,000000 -101,000000 0,000000 0,000000
97 1684535679 2,200000 -1,000000 -101,000000 0,000000 0,000000
97 1684535680 3,200000 -1,000000 -101,000000 0,000000 0,000000
97 1684535681 3,200000 -1,000000 -101,000000 0,000000 0,000000
97 1684535682 3,200000 -1,000000 -101,000000 0,000000 0,000000
97 1684535683 3,200000 -1,000000 -101,000000 0,000000 0,000000
97 1684535684 3,200000 -1,000000 -101,000000 0,000000 0,000000
97 1684535685 3,200000 -1,000000 -101,000000 0,000000 0,000000
97 1684535686 3,200000 -1,000000 -101,000000 0,000000 0,000000
97 1684535687 3,200000 -1,000000 -101,000000 0,000000 0,000000
97 1684535688 3,200000 -1,000000 -101,000000 0,000000 0,000000
97 1684535689 3,200000 -1,000000 -101,000000 0,000000 0,000000
97 1684535690 0,600000 -1,000000 -101,000000 0,000000 0,000000
97 1684535691 0,600000 -1,000000 -101,000000 0,000000 0,000000
97 1684535692 0,600000 -1,000000 -101,000000 0,000000 0,000000
97 1684535693 0,600000 -1,000000 -101,000000 0,000000 0,000000
97 1684535694 0,600000 -1,000000 -101,000000 0,000000 0,000000
97 1684535695 1,400000 -1,000000 -101,000000 0,000000 0,000000
97 1684535696 1,400000 -1,000000 -101,000000 0,000000 0,000000
97 1684535697 1,400000 -1,000000 -101,000000 0,000000 0,000000
97 1684535698 1,400000 -1,000000 -101,000000 0,000000 0,000000
97 1684535699 1,400000 -1,000000 -101,000000 0,000000 0,000000
97 1684535700 1,600000 -1,000000 -101,000000 0,000000 0,000000
97 1684535701 1,600000 -1,000000 -101,000000 0,000000 0,000000
97 1684535702 1,600000 -1,000000 -101,000000 0,000000 0,000000
97 1684535703 1,600000 -1,000000 -101,000000 0,000000 0,000000
97 1684535704 1,600000 -1,000000 -101,000000 0,000000 0,000000
97 1684535705 3,400000 -1,000000 -101,000000 0,000000 0,000000
97 1684535706 3,400000 -1,000000 -101,000000 0,000000 0,000000
97 1684535707 3,400000 -1,000000 -101,000000 0,000000 0,000000
97 1684535708 3,400000 -1,000000 -101,000000 0,000000 0,000000
97 1684535709 3,400000 -1,000000 -101,000000 0,000000 0,000000
97 1684535710 1,800000 -1,000000 -101,000000 0,000000 0,000000
97 1684535711 1,800000 -1,000000 -101,000000 0,000000 0,000000
97 1684535712 1,800000 -1,000000 -101,000000 0,000000 0,000000
97 1684535713 1,800000 -1,000000 -101,000000 0,000000 0,000000
97 1684535714 1,800000 -1,000000 -101,000000 0,000000 0,000000
97 1684535715 2,200000 -1,000000 -101,000000 0,000000 0,000000
97 1684535716 2,200000 -1,000000 -101,000000 0,000000 0,000000
97 1684535717 2,200000 -1,000000 -101,000000 0,000000 0,000000
97 1684535718 2,200000 -1,000000 -101,000000 0,000000 0,000000
97 1684535719 2,200000 -1,000000 -101,000000 0,000000 0,000000
97 1684535720 3,000000 -1,000000 -101,000000 0,000000 0,000000
97 1684535721 3,000000 -1,000000 -101,000000 0,000000 0,000000
97 1684535722 3,000000 -1,000000 -101,000000 0,000000 0,000000
97 1684535723 3,000000 -1,000000 -101,000000 0,000000 0,000000
97 1684535724 3,000000 -1,000000 -101,000000 0,000000 0,000000
97 1684535725 2,200000 -1,000000 -101,000000 0,000000 0,000000
97 1684535726 2,200000 -1,000000 -101,000000 0,000000 0,000000
97 1684535727 2,200000 -1,000000 -101,000000 0,000000 0,000000
97 1684535728 2,200000 -1,000000 -101,000000 0,000000 0,000000
97 1684535729 2,200000 -1,000000 -101,000000 0,000000 0,000000
97 1684535730 1,600000 -1,000000 -101,000000 0,000000 0,000000
97 1684535731 1,600000 -1,000000 -101,000000 0,000000 0,000000
97 1684535732 1,600000 -1,000000 -101,000000 0,000000 0,000000
97 1684535733 1,600000 -1,000000 -101,000000 0,000000 0,000000
97 1684535734 1,600000 -1,000000 -101,000000 0,000000 0,000000
97 1684535735 2,000000 -1,000000 -101,000000 0,000000 0,000000
97 1684535736 2,000000 -1,000000 -101,000000 0,000000 0,000000
97 1684535737 2,000000 -1,000000 -101,000000 0,000000 0,000000
97 1684535738 2,000000 -1,000000 -101,000000 0,000000 0,000000
97 1684535739 2,000000 -1,000000 -101,000000 0,000000 0,000000
97 1684535740 3,000000 -1,000000 -101,000000 0,000000 0,000000
97 1684535741 3,000000 -1,000000 -101,000000 0,000000 0,000000
97 1684535742 3,000000 -1,000000 -101,000000 0,000000 0,000000
97 1684535743 3,000000 -1,000000 -101,000000 0,000000 0,000000
97 1684535744 3,000000 -1,000000 -101,000000 0,000000 0,000000
97 1684535745 2,200000 -1,000000 -101,000000 0,000000 0,000000
97 1684535746 2,200000 -1,000000 -101,000000 0,000000 0,000000
97 1684535747 2,200000 -1,000000 -101,000000 0,000000 0,000000
97 1684535748 2,200000 -1,000000 -101,000000 0,000000 0,000000
97 1684535749 2,200000 -1,000000 -101,000000 0,000000 0,000000
97 1684535750 3,800000 -1,000000 -101,000000 0,000000 0,000000
97 1684535751 3,800000 -1,000000 -101,000000 0,000000 0,000000
97 1684535752 3,800000 -1,000000 -101,000000 0,000000 0,000000
97 1684535753 3,800000 -1,000000 -101,000000 0,000000 0,000000
97 1684535754 3,800000 -1,000000 -101,000000 0,000000 0,000000
97 1684535755 2,200000 -1,000000 -101,000000 0,000000 0,000000
97 1684535756 2,200000 -1,000000 -101,000000 0,000000 0,000000
97 1684535757 2,200000 -1,000000 -101,000000 0,000000 0,000000
97 1684535758 2,200000 -1,000000 -101,000000 0,000000 0,000000
97 1684535759 2,200000 -1,000000 -101,000000 0,000000 0,000000
97 1684535760 0,600000 -1,000000 -101,000000 0,000000 0,000000
97 1684535761 0,600000 -1,000000 -101,000000 0,000000 0,000000
97 1684535762 0,600000 -1,000000 -101,000000 0,000000 0,000000
97 1684535763 0,600000 -1,000000 -101,000000 0,000000 0,000000
97 1684535764 0,600000 -1,000000 -101,000000 0,000000 0,000000
97 1684535765 1,600000 -1,000000 -101,000000 0,000000 0,000000
97 1684535766 1,600000 -1,000000 -101,000000 0,000000 0,000000
97 1684535767 1,600000 -1,000000 -101,000000 0,000000 0,000000
97 1684535768 1,600000 -1,000000 -101,000000 0,000000 0,000000
97 1684535769 1,600000 -1,000000 -101,000000 0,000000 0,000000
97 1684535770 2,000000 -1,000000 -101,000000 0,000000 0,000000
97 1684535771 2,000000 -1,000000 -101,000000 0,000000 0,000000
97 1684535772 2,000000 -1,000000 -101,000000 0,000000 0,000000
97 1684535773 2,000000 -1,000000 -101,000000 0,000000 0,000000
97 1684535774 2,000000 -1,000000 -101,000000 0,000000 0,000000
97 1684535775 4,600000 -1,000000 -101,000000 0,000000 0,000000
97 1684535776 4,600000 -1,000000 -101,000000 0,000000 0,000000
97 1684535777 4,600000 -1,000000 -101,000000 0,000000 0,000000
97 1684535778 4,600000 -1,000000 -101,000000 0,000000 0,000000
97 1684535779 4,600000 -1,000000 -101,000000 0,000000 0,000000
97 1684535780 2,600000 -1,000000 -101,000000 0,000000 0,000000
97 1684535781 2,600000 -1,000000 -101,000000 0,000000 0,000000
97 1684535782 2,600000 -1,000000 -101,000000 0,000000 0,000000
97 1684535783 2,600000 -1,000000 -101,000000 0,000000 0,000000
97 1684535784 2,600000 -1,000000 -101,000000 0,000000 0,000000
97 1684535785 1,600000 -1,000000 -101,000000 0,000000 0,000000
97 1684535786 1,600000 -1,000000 -101,000000 0,000000 0,000000
97 1684535787 1,600000 -1,000000 -101,000000 0,000000 0,000000
97 1684535788 1,600000 -1,000000 -101,000000 0,000000 0,000000
97 1684535789 1,600000 -1,000000 -101,000000 0,000000 0,000000
97 1684535790 1,800000 -1,000000 -101,000000 0,000000 0,000000
97 1684535791 1,800000 -1,000000 -101,000000 0,000000 0,000000
97 1684535792 1,800000 -1,000000 -101,000000 0,000000 0,000000
97 1684535793 1,800000 -1,000000 -101,000000 0,000000 0,000000
97 1684535794 1,800000 -1,000000 -101,000000 0,000000 0,000000
97 1684535795 1,800000 -1,000000 -101,000000 0,000000 0,000000
97 1684535796 1,800000 -1,000000 -101,000000 0,000000 0,000000
97 1684535797 1,800000 -1,000000 -101,000000 0,000000 0,000000
97 1684535798 1,800000 -1,000000 -101,000000 0,000000 0,000000
97 1684535799 1,800000 -1,000000 -101,000000 0,000000 0,000000
97 1684535800 1,800000 -1,000000 -101,000000 0,000000 0,000000
97 1684535801 1,800000 -1,000000 -101,000000 0,000000 0,000000
97 1684535802 1,800000 -1,000000 -101,000000 0,000000 0,000000
97 1684535803 1,800000 -1,000000 -101,000000 0,000000 0,000000
97 1684535804 1,800000 -1,000000 -101,000000 0,000000 0,000000
97 1684535805 2,800000 -1,000000 -101,000000 0,000000 0,000000
97 1684535806 2,800000 -1,000000 -101,000000 0,000000 0,000000
97 1684535807 2,800000 -1,000000 -101,000000 0,000000 0,000000
97 1684535808 2,800000 -1,000000 -101,000000 0,000000 0,000000
97 1684535809 2,800000 -1,000000 -101,000000 0,000000 0,000000
97 1684535810 2,000000 -1,000000 -101,000000 0,000000 0,000000
97 1684535811 2,000000 -1,000000 -101,000000 0,000000 0,000000
97 1684535812 2,000000 -1,000000 -101,000000 0,000000 0,000000
97 1684535813 2,000000 -1,000000 -101,000000 0,000000 0,000000
97 1684535814 2,000000 -1,000000 -101,000000 0,000000 0,000000
97 1684535815 2,400000 -1,000000 -101,000000 0,000000 0,000000
97 1684535816 2,400000 -1,000000 -101,000000 0,000000 0,000000
97 1684535817 2,400000 -1,000000 -101,000000 0,000000 0,000000
97 1684535818 2,400000 -1,000000 -101,000000 0,000000 0,000000
97 1684535819 2,400000 -1,000000 -101,000000 0,000000 0,000000
97 1684535820 1,400000 -1,000000 -101,000000 0,000000 0,000000
97 1684535821 1,400000 -1,000000 -101,000000 0,000000 0,000000
97 1684535822 1,400000 -1,000000 -101,000000 0,000000 0,000000
97 1684535823 1,400000 -1,000000 -101,000000 0,000000 0,000000
97 1684535824 1,400000 -1,000000 -101,000000 0,000000 0,000000
97 1684535825 3,200000 -1,000000 -101,000000 0,000000 0,000000
97 1684535826 3,200000 -1,000000 -101,000000 0,000000 0,000000
97 1684535827 3,200000 -1,000000 -101,000000 0,000000 0,000000
97 1684535828 3,200000 -1,000000 -101,000000 0,000000 0,000000
97 1684535829 3,200000 -1,000000 -101,000000 0,000000 0,000000
97 1684535830 1,600000 -1,000000 -101,000000 0,000000 0,000000
97 1684535831 1,600000 -1,000000 -101,000000 0,000000 0,000000
97 1684535832 1,600000 -1,000000 -101,000000 0,000000 0,000000
97 1684535833 1,600000 -1,000000 -101,000000 0,000000 0,000000
97 1684535834 1,600000 -1,000000 -101,000000 0,000000 0,000000
97 1684535835 2,000000 -1,000000 -101,000000 0,000000 0,000000
97 1684535836 2,000000 -1,000000 -101,000000 0,000000 0,000000
97 1684535837 2,000000 -1,000000 -101,000000 0,000000 0,000000
97 1684535838 2,000000 -1,000000 -101,000000 0,000000 0,000000
97 1684535839 2,000000 -1,000000 -101,000000 0,000000 0,000000
97 1684535840 2,800000 -1,000000 -101,000000 0,000000 0,000000
97 1684535841 2,800000 -1,000000 -101,000000 0,000000 0,000000
97 1684535842 2,800000 -1,000000 -101,000000 0,000000 0,000000
97 1684535843 2,800000 -1,000000 -101,000000 0,000000 0,000000
97 1684535844 2,800000 -1,000000 -101,000000 0,000000 0,000000
97 1684535845 4,000000 -1,000000 -101,000000 0,000000 0,000000
97 1684535846 4,000000 -1,000000 -101,000000 0,000000 0,000000
97 1684535847 4,000000 -1,000000 -101,000000 0,000000 0,000000
97 1684535848 4,000000 -1,000000 -101,000000 0,000000 0,000000
97 1684535849 4,000000 -1,000000 -101,000000 0,000000 0,000000
97 1684535850 0,600000 -1,000000 -101,000000 0,000000 0,000000
97 1684535851 0,600000 -1,000000 -101,000000 0,000000 0,000000
97 1684535852 0,600000 -1,000000 -101,000000 0,000000 0,000000
97 1684535853 0,600000 -1,000000 -101,000000 0,000000 0,000000
97 1684535854 0,600000 -1,000000 -101,000000 0,000000 0,000000
97 1684535855 1,200000 -1,000000 -101,000000 0,000000 0,000000
97 1684535856 1,200000 -1,000000 -101,000000 0,000000 0,000000
97 1684535857 1,200000 -1,000000 -101,000000 0,000000 0,000000
97 1684535858 1,200000 -1,000000 -101,000000 0,000000 0,000000
97 1684535859 1,200000 -1,000000 -101,000000 0,000000 0,000000
97 1684535860 1,600000 -1,000000 -101,000000 0,000000 0,000000
97 1684535861 1,600000 -1,000000 -101,000000 0,000000 0,000000
97 1684535862 1,600000 -1,000000 -101,000000 0,000000 0,000000
97 1684535863 1,600000 -1,000000 -101,000000 0,000000 0,000000
97 1684535864 1,600000 -1,000000 -101,000000 0,000000 0,000000
97 1684535865 3,000000 -1,000000 -101,000000 0,000000 0,000000
97 1684535866 3,000000 -1,000000 -101,000000 0,000000 0,000000
97 1684535867 3,000000 -1,000000 -101,000000 0,000000 0,000000
97 1684535868 3,000000 -1,000000 -101,000000 0,000000 0,000000
97 1684535869 3,000000 -1,000000 -101,000000 0,000000 0,000000
97 1684535870 3,600000 -1,000000 -101,000000 0,000000 0,000000
97 1684535871 3,600000 -1,000000 -101,000000 0,000000 0,000000
97 1684535872 3,600000 -1,000000 -101,000000 0,000000 0,000000
97 1684535873 3,600000 -1,000000 -101,000000 0,000000 0,000000
97 1684535874 3,600000 -1,000000 -101,000000 0,000000 0,000000
97 1684535875 1,600000 -1,000000 -101,000000 0,000000 0,000000
97 1684535876 1,600000 -1,000000 -101,000000 0,000000 0,000000
97 1684535877 1,600000 -1,000000 -101,000000 0,000000 0,000000
97 1684535878 1,600000 -1,000000 -101,000000 0,000000 0,000000
97 1684535879 1,600000 -1,000000 -101,000000 0,000000 0,000000
97 1684535880 2,000000 -1,000000 -101,000000 0,000000 0,000000
97 1684535881 2,000000 -1,000000 -101,000000 0,000000 0,000000
97 1684535882 2,000000 -1,000000 -101,000000 0,000000 0,000000
97 1684535883 2,000000 -1,000000 -101,000000 0,000000 0,000000
97 1684535884 2,000000 -1,000000 -101,000000 0,000000 0,000000
97 1684535885 2,400000 -1,000000 -101,000000 0,000000 0,000000
97 1684535886 2,400000 -1,000000 -101,000000 0,000000 0,000000
97 1684535887 2,400000 -1,000000 -101,000000 0,000000 0,000000
97 1684535888 2,400000 -1,000000 -101,000000 0,000000 0,000000
97 1684535889 2,400000 -1,000000 -101,000000 0,000000 0,000000
97 1684535890 1,200000 -1,000000 -101,000000 0,000000 0,000000
97 1684535891 1,200000 -1,000000 -101,000000 0,000000 0,000000
97 1684535892 1,200000 -1,000000 -101,000000 0,000000 0,000000
97 1684535893 1,200000 -1,000000 -101,000000 0,000000 0,000000
97 1684535894 1,200000 -1,000000 -101,000000 0,000000 0,000000
97 1684535895 3,000000 -1,000000 -101,000000 0,000000 0,000000
97 1684535896 3,000000 -1,000000 -101,000000 0,000000 0,000000
97 1684535897 3,000000 -1,000000 -101,000000 0,000000 0,000000
97 1684535898 3,000000 -1,000000 -101,000000 0,000000 0,000000
97 1684535899 3,000000 -1,000000 -101,000000 0,000000 0,000000
97 1684535900 3,800000 -1,000000 -101,000000 0,000000 0,000000
97 1684535901 3,800000 -1,000000 -101,000000 0,000000 0,000000
97 1684535902 3,800000 -1,000000 -101,000000 0,000000 0,000000
97 1684535903 3,800000 -1,000000 -101,000000 0,000000 0,000000
97 1684535904 3,800000 -1,000000 -101,000000 0,000000 0,000000
97 1684535905 1,600000 -1,000000 -101,000000 0,000000 0,000000
97 1684535906 1,600000 -1,000000 -101,000000 0,000000 0,000000
97 1684535907 1,600000 -1,000000 -101,000000 0,000000 0,000000
97 1684535908 1,600000 -1,000000 -101,000000 0,000000 0,000000
97 1684535909 1,600000 -1,000000 -101,000000 0,000000 0,000000
97 1684535910 1,800000 -1,000000 -101,000000 0,000000 0,000000
97 1684535911 1,800000 -1,000000 -101,000000 0,000000 0,000000
97 1684535912 1,800000 -1,000000 -101,000000 0,000000 0,000000
97 1684535913 1,800000 -1,000000 -101,000000 0,000000 0,000000
97 1684535914 1,800000 -1,000000 -101,000000 0,000000 0,000000
97 1684535915 2,000000 -1,000000 -101,000000 0,000000 0,000000
97 1684535916 2,000000 -1,000000 -101,000000 0,000000 0,000000
97 1684535917 2,000000 -1,000000 -101,000000 0,000000 0,000000
97 1684535918 2,000000 -1,000000 -101,000000 0,000000 0,000000
97 1684535919 2,000000 -1,000000 -101,000000 0,000000 0,000000
97 1684535920 2,400000 -1,000000 -101,000000 0,000000 0,000000
97 1684535921 2,400000 -1,000000 -101,000000 0,000000 0,000000
97 1684535922 2,400000 -1,000000 -101,000000 0,000000 0,000000
97 1684535923 2,400000 -1,000000 -101,000000 0,000000 0,000000
97 1684535924 2,400000 -1,000000 -101,000000 0,000000 0,000000
97 1684535925 1,600000 -1,000000 -101,000000 0,000000 0,000000
97 1684535926 1,600000 -1,000000 -101,000000 0,000000 0,000000
97 1684535927 1,600000 -1,000000 -101,000000 0,000000 0,000000
97 1684535928 1,600000 -1,000000 -101,000000 0,000000 0,000000
97 1684535929 1,600000 -1,000000 -101,000000 0,000000 0,000000
97 1684535930 2,400000 -1,000000 -101,000000 0,000000 0,000000
97 1684535931 2,400000 -1,000000 -101,000000 0,000000 0,000000
97 1684535932 2,400000 -1,000000 -101,000000 0,000000 0,000000
97 1684535933 2,400000 -1,000000 -101,000000 0,000000 0,000000
97 1684535934 2,400000 -1,000000 -101,000000 0,000000 0,000000
97 1684535935 3,800000 -1,000000 -101,000000 0,000000 0,000000
97 1684535936 3,800000 -1,000000 -101,000000 0,000000 0,000000
97 1684535937 3,800000 -1,000000 -101,000000 0,000000 0,000000
97 1684535938 3,800000 -1,000000 -101,000000 0,000000 0,000000
97 1684535939 3,800000 -1,000000 -101,000000 0,000000 0,000000
97 1684535940 2,000000 -1,000000 -101,000000 0,000000 0,000000
97 1684535941 2,000000 -1,000000 -101,000000 0,000000 0,000000
97 1684535942 2,000000 -1,000000 -101,000000 0,000000 0,000000
97 1684535943 2,000000 -1,000000 -101,000000 0,000000 0,000000
97 1684535944 2,000000 -1,000000 -101,000000 0,000000 0,000000
97 1684535945 2,000000 -1,000000 -101,000000 0,000000 0,000000
97 1684535946 2,000000 -1,000000 -101,000000 0,000000 0,000000
97 1684535947 2,000000 -1,000000 -101,000000 0,000000 0,000000
97 1684535948 2,000000 -1,000000 -101,000000 0,000000 0,000000
97 1684535949 2,000000 -1,000000 -101,000000 0,000000 0,000000
97 1684535950 1,000000 -1,000000 -101,000000 0,000000 0,000000
97 1684535951 1,000000 -1,000000 -101,000000 0,000000 0,000000
97 1684535952 1,000000 -1,000000 -101,000000 0,000000 0,000000
97 1684535953 1,000000 -1,000000 -101,000000 0,000000 0,000000
97 1684535954 1,000000 -1,000000 -101,000000 0,000000 0,000000
97 1684535955 2,600000 -1,000000 -101,000000 0,000000 0,000000
97 1684535956 2,600000 -1,000000 -101,000000 0,000000 0,000000
97 1684535957 2,600000 -1,000000 -101,000000 0,000000 0,000000
97 1684535958 2,600000 -1,000000 -101,000000 0,000000 0,000000
97 1684535959 2,600000 -1,000000 -101,000000 0,000000 0,000000
97 1684535960 1,400000 -1,000000 -101,000000 0,000000 0,000000
97 1684535961 1,400000 -1,000000 -101,000000 0,000000 0,000000
97 1684535962 1,400000 -1,000000 -101,000000 0,000000 0,000000
97 1684535963 1,400000 -1,000000 -101,000000 0,000000 0,000000
97 1684535964 1,400000 -1,000000 -101,000000 0,000000 0,000000
97 1684535965 3,600000 -1,000000 -101,000000 0,000000 0,000000
97 1684535966 3,600000 -1,000000 -101,000000 0,000000 0,000000
97 1684535967 3,600000 -1,000000 -101,000000 0,000000 0,000000
97 1684535968 3,600000 -1,000000 -101,000000 0,000000 0,000000
97 1684535969 3,600000 -1,000000 -101,000000 0,000000 0,000000
97 1684535970 2,000000 -1,000000 -101,000000 0,000000 0,000000
97 1684535971 2,000000 -1,000000 -101,000000 0,000000 0,000000
97 1684535972 2,000000 -1,000000 -101,000000 0,000000 0,000000
97 1684535973 2,000000 -1,000000 -101,000000 0,000000 0,000000
97 1684535974 2,000000 -1,000000 -101,000000 0,000000 0,000000
97 1684535975 2,200000 -1,000000 -101,000000 0,000000 0,000000
97 1684535976 2,200000 -1,000000 -101,000000 0,000000 0,000000
97 1684535977 2,200000 -1,000000 -101,000000 0,000000 0,000000
97 1684535978 2,200000 -1,000000 -101,000000 0,000000 0,000000
97 1684535979 2,200000 -1,000000 -101,000000 0,000000 0,000000
97 1684535980 1,000000 -1,000000 -101,000000 0,000000 0,000000
97 1684535981 1,000000 -1,000000 -101,000000 0,000000 0,000000
97 1684535982 1,000000 -1,000000 -101,000000 0,000000 0,000000
97 1684535983 1,000000 -1,000000 -101,000000 0,000000 0,000000
97 1684535984 1,000000 -1,000000 -101,000000 0,000000 0,000000
97 1684535985 3,000000 -1,000000 -101,000000 0,000000 0,000000
97 1684535986 3,000000 -1,000000 -101,000000 0,000000 0,000000
97 1684535987 3,000000 -1,000000 -101,000000 0,000000 0,000000
97 1684535988 3,000000 -1,000000 -101,000000 0,000000 0,000000
97 1684535989 3,000000 -1,000000 -101,000000 0,000000 0,000000
97 1684535990 2,600000 -1,000000 -101,000000 0,000000 0,000000
97 1684535991 2,600000 -1,000000 -101,000000 0,000000 0,000000
97 1684535992 2,600000 -1,000000 -101,000000 0,000000 0,000000
97 1684535993 2,600000 -1,000000 -101,000000 0,000000 0,000000
97 1684535994 2,600000 -1,000000 -101,000000 0,000000 0,000000
97 1684535995 1,800000 -1,000000 -101,000000 0,000000 0,000000
97 1684535996 1,800000 -1,000000 -101,000000 0,000000 0,000000
97 1684535997 1,800000 -1,000000 -101,000000 0,000000 0,000000
97 1684535998 1,800000 -1,000000 -101,000000 0,000000 0,000000
97 1684535999 1,800000 -1,000000 -101,000000 0,000000 0,000000
97 1684536000 2,400000 -1,000000 -101,000000 0,000000 0,000000
97 1684536001 2,400000 -1,000000 -101,000000 0,000000 0,000000
97 1684536002 2,400000 -1,000000 -101,000000 0,000000 0,000000
97 1684536003 2,400000 -1,000000 -101,000000 0,000000 0,000000
97 1684536004 2,400000 -1,000000 -101,000000 0,000000 0,000000
97 1684536005 3,400000 -1,000000 -101,000000 0,000000 0,000000
97 1684536006 3,400000 -1,000000 -101,000000 0,000000 0,000000
97 1684536007 3,400000 -1,000000 -101,000000 0,000000 0,000000
97 1684536008 3,400000 -1,000000 -101,000000 0,000000 0,000000
97 1684536009 3,400000 -1,000000 -101,000000 0,000000 0,000000
97 1684536010 1,200000 -1,000000 -101,000000 0,000000 0,000000
97 1684536011 1,200000 -1,000000 -101,000000 0,000000 0,000000
97 1684536012 1,200000 -1,000000 -101,000000 0,000000 0,000000
97 1684536013 1,200000 -1,000000 -101,000000 0,000000 0,000000
97 1684536014 1,200000 -1,000000 -101,000000 0,000000 0,000000
97 1684536015 3,000000 -1,000000 -101,000000 0,000000 0,000000
97 1684536016 3,000000 -1,000000 -101,000000 0,000000 0,000000
97 1684536017 3,000000 -1,000000 -101,000000 0,000000 0,000000
97 1684536018 3,000000 -1,000000 -101,000000 0,000000 0,000000
97 1684536019 3,000000 -1,000000 -101,000000 0,000000 0,000000
97 1684536020 1,200000 -1,000000 -101,000000 0,000000 0,000000
97 1684536021 1,200000 -1,000000 -101,000000 0,000000 0,000000
97 1684536022 1,200000 -1,000000 -101,000000 0,000000 0,000000
97 1684536023 1,200000 -1,000000 -101,000000 0,000000 0,000000
97 1684536024 1,200000 -1,000000 -101,000000 0,000000 0,000000
97 1684536025 2,800000 -1,000000 -101,000000 0,000000 0,000000
97 1684536026 2,800000 -1,000000 -101,000000 0,000000 0,000000
97 1684536027 2,800000 -1,000000 -101,000000 0,000000 0,000000
97 1684536028 2,800000 -1,000000 -101,000000 0,000000 0,000000
97 1684536029 2,800000 -1,000000 -101,000000 0,000000 0,000000
97 1684536030 2,800000 -1,000000 -101,000000 0,000000 0,000000
97 1684536031 2,800000 -1,000000 -101,000000 0,000000 0,000000
97 1684536032 2,800000 -1,000000 -101,000000 0,000000 0,000000
97 1684536033 2,800000 -1,000000 -101,000000 0,000000 0,000000
97 1684536034 2,800000 -1,000000 -101,000000 0,000000 0,000000
97 1684536035 2,000000 -1,000000 -101,000000 0,000000 0,000000
97 1684536036 2,000000 -1,000000 -101,000000 0,000000 0,000000
97 1684536037 2,000000 -1,000000 -101,000000 0,000000 0,000000
97 1684536038 2,000000 -1,000000 -101,000000 0,000000 0,000000
97 1684536039 2,000000 -1,000000 -101,000000 0,000000 0,000000
97 1684536040 2,800000 -1,000000 -101,000000 0,000000 0,000000
97 1684536041 2,800000 -1,000000 -101,000000 0,000000 0,000000
97 1684536042 2,800000 -1,000000 -101,000000 0,000000 0,000000
97 1684536043 2,800000 -1,000000 -101,000000 0,000000 0,000000
97 1684536044 2,800000 -1,000000 -101,000000 0,000000 0,000000
97 1684536045 2,200000 -1,000000 -101,000000 0,000000 0,000000
97 1684536046 2,200000 -1,000000 -101,000000 0,000000 0,000000
97 1684536047 2,200000 -1,000000 -101,000000 0,000000 0,000000
97 1684536048 2,200000 -1,000000 -101,000000 0,000000 0,000000
97 1684536049 2,200000 -1,000000 -101,000000 0,000000 0,000000
97 1684536050 0,800000 -1,000000 -101,000000 0,000000 0,000000
97 1684536051 0,800000 -1,000000 -101,000000 0,000000 0,000000
97 1684536052 0,800000 -1,000000 -101,000000 0,000000 0,000000
97 1684536053 0,800000 -1,000000 -101,000000 0,000000 0,000000
97 1684536054 0,800000 -1,000000 -101,000000 0,000000 0,000000
97 1684536055 1,800000 -1,000000 -101,000000 0,000000 0,000000
97 1684536056 1,800000 -1,000000 -101,000000 0,000000 0,000000
97 1684536057 1,800000 -1,000000 -101,000000 0,000000 0,000000
97 1684536058 1,800000 -1,000000 -101,000000 0,000000 0,000000
97 1684536059 1,800000 -1,000000 -101,000000 0,000000 0,000000
97 1684536060 2,600000 -1,000000 -101,000000 0,000000 0,000000
97 1684536061 2,600000 -1,000000 -101,000000 0,000000 0,000000
97 1684536062 2,600000 -1,000000 -101,000000 0,000000 0,000000
97 1684536063 2,600000 -1,000000 -101,000000 0,000000 0,000000
97 1684536064 2,600000 -1,000000 -101,000000 0,000000 0,000000
97 1684536065 3,400000 -1,000000 -101,000000 0,000000 0,000000
97 1684536066 3,400000 -1,000000 -101,000000 0,000000 0,000000
97 1684536067 3,400000 -1,000000 -101,000000 0,000000 0,000000
97 1684536068 3,400000 -1,000000 -101,000000 0,000000 0,000000
97 1684536069 3,400000 -1,000000 -101,000000 0,000000 0,000000
97 1684536070 1,600000 -1,000000 -101,000000 0,000000 0,000000
97 1684536071 1,600000 -1,000000 -101,000000 0,000000 0,000000
97 1684536072 1,600000 -1,000000 -101,000000 0,000000 0,000000
97 1684536073 1,600000 -1,000000 -101,000000 0,000000 0,000000
97 1684536074 1,600000 -1,000000 -101,000000 0,000000 0,000000
97 1684536075 1,800000 -1,000000 -101,000000 0,000000 0,000000
97 1684536076 1,800000 -1,000000 -101,000000 0,000000 0,000000
97 1684536077 1,800000 -1,000000 -101,000000 0,000000 0,000000
97 1684536078 1,800000 -1,000000 -101,000000 0,000000 0,000000
97 1684536079 1,800000 -1,000000 -101,000000 0,000000 0,000000
97 1684536080 2,000000 -1,000000 -101,000000 0,000000 0,000000
97 1684536081 2,000000 -1,000000 -101,000000 0,000000 0,000000
97 1684536082 2,000000 -1,000000 -101,000000 0,000000 0,000000
97 1684536083 2,000000 -1,000000 -101,000000 0,000000 0,000000
97 1684536084 2,000000 -1,000000 -101,000000 0,000000 0,000000
97 1684536085 2,200000 -1,000000 -101,000000 0,000000 0,000000
97 1684536086 2,200000 -1,000000 -101,000000 0,000000 0,000000
97 1684536087 2,200000 -1,000000 -101,000000 0,000000 0,000000
97 1684536088 2,200000 -1,000000 -101,000000 0,000000 0,000000
97 1684536089 2,200000 -1,000000 -101,000000 0,000000 0,000000
97 1684536090 1,200000 -1,000000 -101,000000 0,000000 0,000000
97 1684536091 1,200000 -1,000000 -101,000000 0,000000 0,000000
97 1684536092 1,200000 -1,000000 -101,000000 0,000000 0,000000
97 1684536093 1,200000 -1,000000 -101,000000 0,000000 0,000000
97 1684536094 1,200000 -1,000000 -101,000000 0,000000 0,000000
97 1684536095 3,200000 -1,000000 -101,000000 0,000000 0,000000
97 1684536096 3,200000 -1,000000 -101,000000 0,000000 0,000000
97 1684536097 3,200000 -1,000000 -101,000000 0,000000 0,000000
97 1684536098 3,200000 -1,000000 -101,000000 0,000000 0,000000
97 1684536099 3,200000 -1,000000 -101,000000 0,000000 0,000000
97 1684536100 3,800000 -1,000000 -101,000000 0,000000 0,000000
97 1684536101 3,800000 -1,000000 -101,000000 0,000000 0,000000
97 1684536102 3,800000 -1,000000 -101,000000 0,000000 0,000000
97 1684536103 3,800000 -1,000000 -101,000000 0,000000 0,000000
97 1684536104 3,800000 -1,000000 -101,000000 0,000000 0,000000
97 1684536105 1,600000 -1,000000 -101,000000 0,000000 0,000000
97 1684536106 1,600000 -1,000000 -101,000000 0,000000 0,000000
97 1684536107 1,600000 -1,000000 -101,000000 0,000000 0,000000
97 1684536108 1,600000 -1,000000 -101,000000 0,000000 0,000000
97 1684536109 1,600000 -1,000000 -101,000000 0,000000 0,000000
97 1684536110 1,800000 -1,000000 -101,000000 0,000000 0,000000
97 1684536111 1,800000 -1,000000 -101,000000 0,000000 0,000000
97 1684536112 1,800000 -1,000000 -101,000000 0,000000 0,000000
97 1684536113 1,800000 -1,000000 -101,000000 0,000000 0,000000
97 1684536114 1,800000 -1,000000 -101,000000 0,000000 0,000000
