118 1684534810 2580,000000 -1,000000 -101,000000 0,000000 0,000000
118 1684534811 2580,000000 -1,000000 -101,000000 0,000000 0,000000
118 1684534812 2580,000000 -1,000000 -101,000000 0,000000 0,000000
118 1684534813 2580,000000 -1,000000 -101,000000 0,000000 0,000000
118 1684534814 2580,000000 -1,000000 -101,000000 0,000000 0,000000
118 1684534815 6190,000000 -1,000000 -101,000000 0,000000 0,000000
118 1684534816 6190,000000 -1,000000 -101,000000 0,000000 0,000000
118 1684534817 6190,000000 -1,000000 -101,000000 0,000000 0,000000
118 1684534818 6190,000000 -1,000000 -101,000000 0,000000 0,000000
118 1684534819 6190,000000 -1,000000 -101,000000 0,000000 0,000000
118 1684534820 11199,800000 -1,000000 -101,000000 0,000000 0,000000
118 1684534821 11199,800000 -1,000000 -101,000000 0,000000 0,000000
118 1684534822 11199,800000 -1,000000 -101,000000 0,000000 0,000000
118 1684534823 11199,800000 -1,000000 -101,000000 0,000000 0,000000
118 1684534824 11199,800000 -1,000000 -101,000000 0,000000 0,000000
118 1684534825 6371,800000 -1,000000 -101,000000 0,000000 0,000000
118 1684534826 6371,800000 -1,000000 -101,000000 0,000000 0,000000
118 1684534827 6371,800000 -1,000000 -101,000000 0,000000 0,000000
118 1684534828 6371,800000 -1,000000 -101,000000 0,000000 0,000000
118 1684534829 6371,800000 -1,000000 -101,000000 0,000000 0,000000
118 1684534830 13759,600000 -1,000000 -101,000000 0,000000 0,000000
118 1684534831 13759,600000 -1,000000 -101,000000 0,000000 0,000000
118 1684534832 13759,600000 -1,000000 -101,000000 0,000000 0,000000
118 1684534833 13759,600000 -1,000000 -101,000000 0,000000 0,000000
118 1684534834 13759,600000 -1,000000 -101,000000 0,000000 0,000000
118 1684534835 4711,600000 -1,000000 -101,000000 0,000000 0,000000
118 1684534836 4711,600000 -1,000000 -101,000000 0,000000 0,000000
118 1684534837 4711,600000 -1,000000 -101,000000 0,000000 0,000000
118 1684534838 4711,600000 -1,000000 -101,000000 0,000000 0,000000
118 1684534839 4711,600000 -1,000000 -101,000000 0,000000 0,000000
118 1684534840 15869,800000 -1,000000 -101,000000 0,000000 0,000000
118 1684534841 15869,800000 -1,000000 -101,000000 0,000000 0,000000
118 1684534842 15869,800000 -1,000000 -101,000000 0,000000 0,000000
118 1684534843 15869,800000 -1,000000 -101,000000 0,000000 0,000000
118 1684534844 15869,800000 -1,000000 -101,000000 0,000000 0,000000
118 1684534845 11403,800000 -1,000000 -101,000000 0,000000 0,000000
118 1684534846 11403,800000 -1,000000 -101,000000 0,000000 0,000000
118 1684534847 11403,800000 -1,000000 -101,000000 0,000000 0,000000
118 1684534848 11403,800000 -1,000000 -101,000000 0,000000 0,000000
118 1684534849 11403,800000 -1,000000 -101,000000 0,000000 0,000000
118 1684534850 13273,200000 -1,000000 -101,000000 0,000000 0,000000
118 1684534851 13273,200000 -1,000000 -101,000000 0,000000 0,000000
118 1684534852 13273,200000 -1,000000 -101,000000 0,000000 0,000000
118 1684534853 13273,200000 -1,000000 -101,000000 0,000000 0,000000
118 1684534854 13273,200000 -1,000000 -101,000000 0,000000 0,000000
118 1684534855 15796,200000 -1,000000 -101,000000 0,000000 0,000000
118 1684534856 15796,200000 -1,000000 -101,000000 0,000000 0,000000
118 1684534857 15796,200000 -1,000000 -101,000000 0,000000 0,000000
118 1684534858 15796,200000 -1,000000 -101,000000 0,000000 0,000000
118 1684534859 15796,200000 -1,000000 -101,000000 0,000000 0,000000
118 1684534860 20829,400000 -1,000000 -101,000000 0,000000 0,000000
118 1684534861 20829,400000 -1,000000 -101,000000 0,000000 0,000000
118 1684534862 20829,400000 -1,000000 -101,000000 0,000000 0,000000
118 1684534863 20829,400000 -1,000000 -101,000000 0,000000 0,000000
118 1684534864 20829,400000 -1,000000 -101,000000 0,000000 0,000000
118 1684534865 7102,000000 -1,000000 -101,000000 0,000000 0,000000
118 1684534866 7102,000000 -1,000000 -101,000000 0,000000 0,000000
118 1684534867 7102,000000 -1,000000 -101,000000 0,000000 0,000000
118 1684534868 7102,000000 -1,000000 -101,000000 0,000000 0,000000
118 1684534869 7102,000000 -1,000000 -101,000000 0,000000 0,000000
118 1684534870 16649,000000 -1,000000 -101,000000 0,000000 0,000000
118 1684534871 16649,000000 -1,000000 -101,000000 0,000000 0,000000
118 1684534872 16649,000000 -1,000000 -101,000000 0,000000 0,000000
118 1684534873 16649,000000 -1,000000 -101,000000 0,000000 0,000000
118 1684534874 16649,000000 -1,000000 -101,000000 0,000000 0,000000
118 1684534875 10643,600000 -1,000000 -101,000000 0,000000 0,000000
118 1684534876 10643,600000 -1,000000 -101,000000 0,000000 0,000000
118 1684534877 10643,600000 -1,000000 -101,000000 0,000000 0,000000
118 1684534878 10643,600000 -1,000000 -101,000000 0,000000 0,000000
118 1684534879 10643,600000 -1,000000 -101,000000 0,000000 0,000000
118 1684534880 18031,800000 -1,000000 -101,000000 0,000000 0,000000
118 1684534881 18031,800000 -1,000000 -101,000000 0,000000 0,000000
118 1684534882 18031,800000 -1,000000 -101,000000 0,000000 0,000000
118 1684534883 18031,800000 -1,000000 -101,000000 0,000000 0,000000
118 1684534884 18031,800000 -1,000000 -101,000000 0,000000 0,000000
118 1684534885 11704,000000 -1,000000 -101,000000 0,000000 0,000000
118 1684534886 11704,000000 -1,000000 -101,000000 0,000000 0,000000
118 1684534887 11704,000000 -1,000000 -101,000000 0,000000 0,000000
118 1684534888 11704,000000 -1,000000 -101,000000 0,000000 0,000000
118 1684534889 11704,000000 -1,000000 -101,000000 0,000000 0,000000
118 1684534890 20438,400000 -1,000000 -101,000000 0,000000 0,000000
118 1684534891 20438,400000 -1,000000 -101,000000 0,000000 0,000000
118 1684534892 20438,400000 -1,000000 -101,000000 0,000000 0,000000
118 1684534893 20438,400000 -1,000000 -101,000000 0,000000 0,000000
118 1684534894 20438,400000 -1,000000 -101,000000 0,000000 0,000000
118 1684534895 3804,600000 -1,000000 -101,000000 0,000000 0,000000
118 1684534896 3804,600000 -1,000000 -101,000000 0,000000 0,000000
118 1684534897 3804,600000 -1,000000 -101,000000 0,000000 0,000000
118 1684534898 3804,600000 -1,000000 -101,000000 0,000000 0,000000
118 1684534899 3804,600000 -1,000000 -101,000000 0,000000 0,000000
118 1684534900 10485,600000 -1,000000 -101,000000 0,000000 0,000000
118 1684534901 10485,600000 -1,000000 -101,000000 0,000000 0,000000
118 1684534902 10485,600000 -1,000000 -101,000000 0,000000 0,000000
118 1684534903 10485,600000 -1,000000 -101,000000 0,000000 0,000000
118 1684534904 10485,600000 -1,000000 -101,000000 0,000000 0,000000
118 1684534905 6562,200000 -1,000000 -101,000000 0,000000 0,000000
118 1684534906 6562,200000 -1,000000 -101,000000 0,000000 0,000000
118 1684534907 6562,200000 -1,000000 -101,000000 0,000000 0,000000
118 1684534908 6562,200000 -1,000000 -101,000000 0,000000 0,000000
118 1684534909 6562,200000 -1,000000 -101,000000 0,000000 0,000000
118 1684534910 25374,200000 -1,000000 -101,000000 0,000000 0,000000
118 1684534911 25374,200000 -1,000000 -101,000000 0,000000 0,000000
118 1684534912 25374,200000 -1,000000 -101,000000 0,000000 0,000000
118 1684534913 25374,200000 -1,000000 -101,000000 0,000000 0,000000
118 1684534914 25374,200000 -1,000000 -101,000000 0,000000 0,000000
118 1684534915 7667,200000 -1,000000 -101,000000 0,000000 0,000000
118 1684534916 7667,200000 -1,000000 -101,000000 0,000000 0,000000
118 1684534917 7667,200000 -1,000000 -101,000000 0,000000 0,000000
118 1684534918 7667,200000 -1,000000 -101,000000 0,000000 0,000000
118 1684534919 7667,200000 -1,000000 -101,000000 0,000000 0,000000
118 1684534920 12855,800000 -1,000000 -101,000000 0,000000 0,000000
118 1684534921 12855,800000 -1,000000 -101,000000 0,000000 0,000000
118 1684534922 12855,800000 -1,000000 -101,000000 0,000000 0,000000
118 1684534923 12855,800000 -1,000000 -101,000000 0,000000 0,000000
118 1684534924 12855,800000 -1,000000 -101,000000 0,000000 0,000000
118 1684534925 8996,600000 -1,000000 -101,000000 0,000000 0,000000
118 1684534926 8996,600000 -1,000000 -101,000000 0,000000 0,000000
118 1684534927 8996,600000 -1,000000 -101,000000 0,000000 0,000000
118 1684534928 8996,600000 -1,000000 -101,000000 0,000000 0,000000
118 1684534929 8996,600000 -1,000000 -101,000000 0,000000 0,000000
118 1684534930 17564,600000 -1,000000 -101,000000 0,000000 0,000000
118 1684534931 17564,600000 -1,000000 -101,000000 0,000000 0,000000
118 1684534932 17564,600000 -1,000000 -101,000000 0,000000 0,000000
118 1684534933 17564,600000 -1,000000 -101,000000 0,000000 0,000000
118 1684534934 17564,600000 -1,000000 -101,000000 0,000000 0,000000
118 1684534935 10353,600000 -1,000000 -101,000000 0,000000 0,000000
118 1684534936 10353,600000 -1,000000 -101,000000 0,000000 0,000000
118 1684534937 10353,600000 -1,000000 -101,000000 0,000000 0,000000
118 1684534938 10353,600000 -1,000000 -101,000000 0,000000 0,000000
118 1684534939 10353,600000 -1,000000 -101,000000 0,000000 0,000000
118 1684534940 18077,400000 -1,000000 -101,000000 0,000000 0,000000
118 1684534941 18077,400000 -1,000000 -101,000000 0,000000 0,000000
118 1684534942 18077,400000 -1,000000 -101,000000 0,000000 0,000000
118 1684534943 18077,400000 -1,000000 -101,000000 0,000000 0,000000
118 1684534944 18077,400000 -1,000000 -101,000000 0,000000 0,000000
118 1684534945 16360,200000 -1,000000 -101,000000 0,000000 0,000000
118 1684534946 16360,200000 -1,000000 -101,000000 0,000000 0,000000
118 1684534947 16360,200000 -1,000000 -101,000000 0,000000 0,000000
118 1684534948 16360,200000 -1,000000 -101,000000 0,000000 0,000000
118 1684534949 16360,200000 -1,000000 -101,000000 0,000000 0,000000
118 1684534950 15532,600000 -1,000000 -101,000000 0,000000 0,000000
118 1684534951 15532,600000 -1,000000 -101,000000 0,000000 0,000000
118 1684534952 15532,600000 -1,000000 -101,000000 0,000000 0,000000
118 1684534953 15532,600000 -1,000000 -101,000000 0,000000 0,000000
118 1684534954 15532,600000 -1,000000 -101,000000 0,000000 0,000000
118 1684534955 5905,400000 -1,000000 -101,000000 0,000000 0,000000
118 1684534956 5905,400000 -1,000000 -101,000000 0,000000 0,000000
118 1684534957 5905,400000 -1,000000 -101,000000 0,000000 0,000000
118 1684534958 5905,400000 -1,000000 -101,000000 0,000000 0,000000
118 1684534959 5905,400000 -1,000000 -101,000000 0,000000 0,000000
118 1684534960 20853,800000 -1,000000 -101,000000 0,000000 0,000000
118 1684534961 20853,800000 -1,000000 -101,000000 0,000000 0,000000
118 1684534962 20853,800000 -1,000000 -101,000000 0,000000 0,000000
118 1684534963 20853,800000 -1,000000 -101,000000 0,000000 0,000000
118 1684534964 20853,800000 -1,000000 -101,000000 0,000000 0,000000
118 1684534965 2803,200000 -1,000000 -101,000000 0,000000 0,000000
118 1684534966 2803,200000 -1,000000 -101,000000 0,000000 0,000000
118 1684534967 2803,200000 -1,000000 -101,000000 0,000000 0,000000
118 1684534968 2803,200000 -1,000000 -101,000000 0,000000 0,000000
118 1684534969 2803,200000 -1,000000 -101,000000 0,000000 0,000000
118 1684534970 19015,200000 -1,000000 -101,000000 0,000000 0,000000
118 1684534971 19015,200000 -1,000000 -101,000000 0,000000 0,000000
118 1684534972 19015,200000 -1,000000 -101,000000 0,000000 0,000000
118 1684534973 19015,200000 -1,000000 -101,000000 0,000000 0,000000
118 1684534974 19015,200000 -1,000000 -101,000000 0,000000 0,000000
118 1684534975 14509,800000 -1,000000 -101,000000 0,000000 0,000000
118 1684534976 14509,800000 -1,000000 -101,000000 0,000000 0,000000
118 1684534977 14509,800000 -1,000000 -101,000000 0,000000 0,000000
118 1684534978 14509,800000 -1,000000 -101,000000 0,000000 0,000000
118 1684534979 14509,800000 -1,000000 -101,000000 0,000000 0,000000
118 1684534980 20439,800000 -1,000000 -101,000000 0,000000 0,000000
118 1684534981 20439,800000 -1,000000 -101,000000 0,000000 0,000000
118 1684534982 20439,800000 -1,000000 -101,000000 0,000000 0,000000
118 1684534983 20439,800000 -1,000000 -101,000000 0,000000 0,000000
118 1684534984 20439,800000 -1,000000 -101,000000 0,000000 0,000000
118 1684534985 8816,400000 -1,000000 -101,000000 0,000000 0,000000
118 1684534986 8816,400000 -1,000000 -101,000000 0,000000 0,000000
118 1684534987 8816,400000 -1,000000 -101,000000 0,000000 0,000000
118 1684534988 8816,400000 -1,000000 -101,000000 0,000000 0,000000
118 1684534989 8816,400000 -1,000000 -101,000000 0,000000 0,000000
118 1684534990 14776,600000 -1,000000 -101,000000 0,000000 0,000000
118 1684534991 14776,600000 -1,000000 -101,000000 0,000000 0,000000
118 1684534992 14776,600000 -1,000000 -101,000000 0,000000 0,000000
118 1684534993 14776,600000 -1,000000 -101,000000 0,000000 0,000000
118 1684534994 14776,600000 -1,000000 -101,000000 0,000000 0,000000
118 1684534995 1376,400000 -1,000000 -101,000000 0,000000 0,000000
118 1684534996 1376,400000 -1,000000 -101,000000 0,000000 0,000000
118 1684534997 1376,400000 -1,000000 -101,000000 0,000000 0,000000
118 1684534998 1376,400000 -1,000000 -101,000000 0,000000 0,000000
118 1684534999 1376,400000 -1,000000 -101,000000 0,000000 0,000000
118 1684535000 20533,800000 -1,000000 -101,000000 0,000000 0,000000
118 1684535001 20533,800000 -1,000000 -101,000000 0,000000 0,000000
118 1684535002 20533,800000 -1,000000 -101,000000 0,000000 0,000000
118 1684535003 20533,800000 -1,000000 -101,000000 0,000000 0,000000
118 1684535004 20533,800000 -1,000000 -101,000000 0,000000 0,000000
118 1684535005 12402,800000 -1,000000 -101,000000 0,000000 0,000000
118 1684535006 12402,800000 -1,000000 -101,000000 0,000000 0,000000
118 1684535007 12402,800000 -1,000000 -101,000000 0,000000 0,000000
118 1684535008 12402,800000 -1,000000 -101,000000 0,000000 0,000000
118 1684535009 12402,800000 -1,000000 -101,000000 0,000000 0,000000
118 1684535010 16645,400000 -1,000000 -101,000000 0,000000 0,000000
118 1684535011 16645,400000 -1,000000 -101,000000 0,000000 0,000000
118 1684535012 16645,400000 -1,000000 -101,000000 0,000000 0,000000
118 1684535013 16645,400000 -1,000000 -101,000000 0,000000 0,000000
118 1684535014 16645,400000 -1,000000 -101,000000 0,000000 0,000000
118 1684535015 4997,800000 -1,000000 -101,000000 0,000000 0,000000
118 1684535016 4997,800000 -1,000000 -101,000000 0,000000 0,000000
118 1684535017 4997,800000 -1,000000 -101,000000 0,000000 0,000000
118 1684535018 4997,800000 -1,000000 -101,000000 0,000000 0,000000
118 1684535019 4997,800000 -1,000000 -101,000000 0,000000 0,000000
118 1684535020 16856,000000 -1,000000 -101,000000 0,000000 0,000000
118 1684535021 16856,000000 -1,000000 -101,000000 0,000000 0,000000
118 1684535022 16856,000000 -1,000000 -101,000000 0,000000 0,000000
118 1684535023 16856,000000 -1,000000 -101,000000 0,000000 0,000000
118 1684535024 16856,000000 -1,000000 -101,000000 0,000000 0,000000
118 1684535025 6379,200000 -1,000000 -101,000000 0,000000 0,000000
118 1684535026 6379,200000 -1,000000 -101,000000 0,000000 0,000000
118 1684535027 6379,200000 -1,000000 -101,000000 0,000000 0,000000
118 1684535028 6379,200000 -1,000000 -101,000000 0,000000 0,000000
118 1684535029 6379,200000 -1,000000 -101,000000 0,000000 0,000000
118 1684535030 18186,400000 -1,000000 -101,000000 0,000000 0,000000
118 1684535031 18186,400000 -1,000000 -101,000000 0,000000 0,000000
118 1684535032 18186,400000 -1,000000 -101,000000 0,000000 0,000000
118 1684535033 18186,400000 -1,000000 -101,000000 0,000000 0,000000
118 1684535034 18186,400000 -1,000000 -101,000000 0,000000 0,000000
118 1684535035 14192,200000 -1,000000 -101,000000 0,000000 0,000000
118 1684535036 14192,200000 -1,000000 -101,000000 0,000000 0,000000
118 1684535037 14192,200000 -1,000000 -101,000000 0,000000 0,000000
118 1684535038 14192,200000 -1,000000 -101,000000 0,000000 0,000000
118 1684535039 14192,200000 -1,000000 -101,000000 0,000000 0,000000
118 1684535040 15725,400000 -1,000000 -101,000000 0,000000 0,000000
118 1684535041 15725,400000 -1,000000 -101,000000 0,000000 0,000000
118 1684535042 15725,400000 -1,000000 -101,000000 0,000000 0,000000
118 1684535043 15725,400000 -1,000000 -101,000000 0,000000 0,000000
118 1684535044 15725,400000 -1,000000 -101,000000 0,000000 0,000000
118 1684535045 6974,400000 -1,000000 -101,000000 0,000000 0,000000
118 1684535046 6974,400000 -1,000000 -101,000000 0,000000 0,000000
118 1684535047 6974,400000 -1,000000 -101,000000 0,000000 0,000000
118 1684535048 6974,400000 -1,000000 -101,000000 0,000000 0,000000
118 1684535049 6974,400000 -1,000000 -101,000000 0,000000 0,000000
118 1684535050 14529,600000 -1,000000 -101,000000 0,000000 0,000000
118 1684535051 14529,600000 -1,000000 -101,000000 0,000000 0,000000
118 1684535052 14529,600000 -1,000000 -101,000000 0,000000 0,000000
118 1684535053 14529,600000 -1,000000 -101,000000 0,000000 0,000000
118 1684535054 14529,600000 -1,000000 -101,000000 0,000000 0,000000
118 1684535055 13371,600000 -1,000000 -101,000000 0,000000 0,000000
118 1684535056 13371,600000 -1,000000 -101,000000 0,000000 0,000000
118 1684535057 13371,600000 -1,000000 -101,000000 0,000000 0,000000
118 1684535058 13371,600000 -1,000000 -101,000000 0,000000 0,000000
118 1684535059 13371,600000 -1,000000 -101,000000 0,000000 0,000000
118 1684535060 18630,600000 -1,000000 -101,000000 0,000000 0,000000
118 1684535061 18630,600000 -1,000000 -101,000000 0,000000 0,000000
118 1684535062 18630,600000 -1,000000 -101,000000 0,000000 0,000000
118 1684535063 18630,600000 -1,000000 -101,000000 0,000000 0,000000
118 1684535064 18630,600000 -1,000000 -101,000000 0,000000 0,000000
118 1684535065 3988,400000 -1,000000 -101,000000 0,000000 0,000000
118 1684535066 3988,400000 -1,000000 -101,000000 0,000000 0,000000
118 1684535067 3988,400000 -1,000000 -101,000000 0,000000 0,000000
118 1684535068 3988,400000 -1,000000 -101,000000 0,000000 0,000000
118 1684535069 3988,400000 -1,000000 -101,000000 0,000000 0,000000
118 1684535070 21839,600000 -1,000000 -101,000000 0,000000 0,000000
118 1684535071 21839,600000 -1,000000 -101,000000 0,000000 0,000000
118 1684535072 21839,600000 -1,000000 -101,000000 0,000000 0,000000
118 1684535073 21839,600000 -1,000000 -101,000000 0,000000 0,000000
118 1684535074 21839,600000 -1,000000 -101,000000 0,000000 0,000000
118 1684535075 8319,000000 -1,000000 -101,000000 0,000000 0,000000
118 1684535076 8319,000000 -1,000000 -101,000000 0,000000 0,000000
118 1684535077 8319,000000 -1,000000 -101,000000 0,000000 0,000000
118 1684535078 8319,000000 -1,000000 -101,000000 0,000000 0,000000
118 1684535079 8319,000000 -1,000000 -101,000000 0,000000 0,000000
118 1684535080 19579,400000 -1,000000 -101,000000 0,000000 0,000000
118 1684535081 19579,400000 -1,000000 -101,000000 0,000000 0,000000
118 1684535082 19579,400000 -1,000000 -101,000000 0,000000 0,000000
118 1684535083 19579,400000 -1,000000 -101,000000 0,000000 0,000000
118 1684535084 19579,400000 -1,000000 -101,000000 0,000000 0,000000
118 1684535085 7577,200000 -1,000000 -101,000000 0,000000 0,000000
118 1684535086 7577,200000 -1,000000 -101,000000 0,000000 0,000000
118 1684535087 7577,200000 -1,000000 -101,000000 0,000000 0,000000
118 1684535088 7577,200000 -1,000000 -101,000000 0,000000 0,000000
118 1684535089 7577,200000 -1,000000 -101,000000 0,000000 0,000000
118 1684535090 22625,800000 -1,000000 -101,000000 0,000000 0,000000
118 1684535091 22625,800000 -1,000000 -101,000000 0,000000 0,000000
118 1684535092 22625,800000 -1,000000 -101,000000 0,000000 0,000000
118 1684535093 22625,800000 -1,000000 -101,000000 0,000000 0,000000
118 1684535094 22625,800000 -1,000000 -101,000000 0,000000 0,000000
118 1684535095 8959,000000 -1,000000 -101,000000 0,000000 0,000000
118 1684535096 8959,000000 -1,000000 -101,000000 0,000000 0,000000
118 1684535097 8959,000000 -1,000000 -101,000000 0,000000 0,000000
118 1684535098 8959,000000 -1,000000 -101,000000 0,000000 0,000000
118 1684535099 8959,000000 -1,000000 -101,000000 0,000000 0,000000
118 1684535100 14589,200000 -1,000000 -101,000000 0,000000 0,000000
118 1684535101 14589,200000 -1,000000 -101,000000 0,000000 0,000000
118 1684535102 14589,200000 -1,000000 -101,000000 0,000000 0,000000
118 1684535103 14589,200000 -1,000000 -101,000000 0,000000 0,000000
118 1684535104 14589,200000 -1,000000 -101,000000 0,000000 0,000000
118 1684535105 15102,400000 -1,000000 -101,000000 0,000000 0,000000
118 1684535106 15102,400000 -1,000000 -101,000000 0,000000 0,000000
118 1684535107 15102,400000 -1,000000 -101,000000 0,000000 0,000000
118 1684535108 15102,400000 -1,000000 -101,000000 0,000000 0,000000
118 1684535109 15102,400000 -1,000000 -101,000000 0,000000 0,000000
118 1684535110 17520,400000 -1,000000 -101,000000 0,000000 0,000000
118 1684535111 17520,400000 -1,000000 -101,000000 0,000000 0,000000
118 1684535112 17520,400000 -1,000000 -101,000000 0,000000 0,000000
118 1684535113 17520,400000 -1,000000 -101,000000 0,000000 0,000000
118 1684535114 17520,400000 -1,000000 -101,000000 0,000000 0,000000
118 1684535115 3350,600000 -1,000000 -101,000000 0,000000 0,000000
118 1684535116 3350,600000 -1,000000 -101,000000 0,000000 0,000000
118 1684535117 3350,600000 -1,000000 -101,000000 0,000000 0,000000
118 1684535118 3350,600000 -1,000000 -101,000000 0,000000 0,000000
118 1684535119 3350,600000 -1,000000 -101,000000 0,000000 0,000000
118 1684535120 11848,800000 -1,000000 -101,000000 0,000000 0,000000
118 1684535121 11848,800000 -1,000000 -101,000000 0,000000 0,000000
118 1684535122 11848,800000 -1,000000 -101,000000 0,000000 0,000000
118 1684535123 11848,800000 -1,000000 -101,000000 0,000000 0,000000
118 1684535124 11848,800000 -1,000000 -101,000000 0,000000 0,000000
118 1684535125 12497,200000 -1,000000 -101,000000 0,000000 0,000000
118 1684535126 12497,200000 -1,000000 -101,000000 0,000000 0,000000
118 1684535127 12497,200000 -1,000000 -101,000000 0,000000 0,000000
118 1684535128 12497,200000 -1,000000 -101,000000 0,000000 0,000000
118 1684535129 12497,200000 -1,000000 -101,000000 0,000000 0,000000
118 1684535130 19186,200000 -1,000000 -101,000000 0,000000 0,000000
118 1684535131 19186,200000 -1,000000 -101,000000 0,000000 0,000000
118 1684535132 19186,200000 -1,000000 -101,000000 0,000000 0,000000
118 1684535133 19186,200000 -1,000000 -101,000000 0,000000 0,000000
118 1684535134 19186,200000 -1,000000 -101,000000 0,000000 0,000000
118 1684535135 9725,800000 -1,000000 -101,000000 0,000000 0,000000
118 1684535136 9725,800000 -1,000000 -101,000000 0,000000 0,000000
118 1684535137 9725,800000 -1,000000 -101,000000 0,000000 0,000000
118 1684535138 9725,800000 -1,000000 -101,000000 0,000000 0,000000
118 1684535139 9725,800000 -1,000000 -101,000000 0,000000 0,000000
118 1684535140 21925,000000 -1,000000 -101,000000 0,000000 0,000000
118 1684535141 21925,000000 -1,000000 -101,000000 0,000000 0,000000
118 1684535142 21925,000000 -1,000000 -101,000000 0,000000 0,000000
118 1684535143 21925,000000 -1,000000 -101,000000 0,000000 0,000000
118 1684535144 21925,000000 -1,000000 -101,000000 0,000000 0,000000
118 1684535145 5931,600000 -1,000000 -101,000000 0,000000 0,000000
118 1684535146 5931,600000 -1,000000 -101,000000 0,000000 0,000000
118 1684535147 5931,600000 -1,000000 -101,000000 0,000000 0,000000
118 1684535148 5931,600000 -1,000000 -101,000000 0,000000 0,000000
118 1684535149 5931,600000 -1,000000 -101,000000 0,000000 0,000000
118 1684535150 17412,800000 -1,000000 -101,000000 0,000000 0,000000
118 1684535151 17412,800000 -1,000000 -101,000000 0,000000 0,000000
118 1684535152 17412,800000 -1,000000 -101,000000 0,000000 0,000000
118 1684535153 17412,800000 -1,000000 -101,000000 0,000000 0,000000
118 1684535154 17412,800000 -1,000000 -101,000000 0,000000 0,000000
118 1684535155 3556,800000 -1,000000 -101,000000 0,000000 0,000000
118 1684535156 3556,800000 -1,000000 -101,000000 0,000000 0,000000
118 1684535157 3556,800000 -1,000000 -101,000000 0,000000 0,000000
118 1684535158 3556,800000 -1,000000 -101,000000 0,000000 0,000000
118 1684535159 3556,800000 -1,000000 -101,000000 0,000000 0,000000
118 1684535160 17732,200000 -1,000000 -101,000000 0,000000 0,000000
118 1684535161 17732,200000 -1,000000 -101,000000 0,000000 0,000000
118 1684535162 17732,200000 -1,000000 -101,000000 0,000000 0,000000
118 1684535163 17732,200000 -1,000000 -101,000000 0,000000 0,000000
118 1684535164 17732,200000 -1,000000 -101,000000 0,000000 0,000000
118 1684535165 5013,800000 -1,000000 -101,000000 0,000000 0,000000
118 1684535166 5013,800000 -1,000000 -101,000000 0,000000 0,000000
118 1684535167 5013,800000 -1,000000 -101,000000 0,000000 0,000000
118 1684535168 5013,800000 -1,000000 -101,000000 0,000000 0,000000
118 1684535169 5013,800000 -1,000000 -101,000000 0,000000 0,000000
118 1684535170 24315,800000 -1,000000 -101,000000 0,000000 0,000000
118 1684535171 24315,800000 -1,000000 -101,000000 0,000000 0,000000
118 1684535172 24315,800000 -1,000000 -101,000000 0,000000 0,000000
118 1684535173 24315,800000 -1,000000 -101,000000 0,000000 0,000000
118 1684535174 24315,800000 -1,000000 -101,000000 0,000000 0,000000
118 1684535175 15071,000000 -1,000000 -101,000000 0,000000 0,000000
118 1684535176 15071,000000 -1,000000 -101,000000 0,000000 0,000000
118 1684535177 15071,000000 -1,000000 -101,000000 0,000000 0,000000
118 1684535178 15071,000000 -1,000000 -101,000000 0,000000 0,000000
118 1684535179 15071,000000 -1,000000 -101,000000 0,000000 0,000000
118 1684535180 19508,400000 -1,000000 -101,000000 0,000000 0,000000
118 1684535181 19508,400000 -1,000000 -101,000000 0,000000 0,000000
118 1684535182 19508,400000 -1,000000 -101,000000 0,000000 0,000000
118 1684535183 19508,400000 -1,000000 -101,000000 0,000000 0,000000
118 1684535184 19508,400000 -1,000000 -101,000000 0,000000 0,000000
118 1684535185 3822,200000 -1,000000 -101,000000 0,000000 0,000000
118 1684535186 3822,200000 -1,000000 -101,000000 0,000000 0,000000
118 1684535187 3822,200000 -1,000000 -101,000000 0,000000 0,000000
118 1684535188 3822,200000 -1,000000 -101,000000 0,000000 0,000000
118 1684535189 3822,200000 -1,000000 -101,000000 0,000000 0,000000
118 1684535190 15023,000000 -1,000000 -101,000000 0,000000 0,000000
118 1684535191 15023,000000 -1,000000 -101,000000 0,000000 0,000000
118 1684535192 15023,000000 -1,000000 -101,000000 0,000000 0,000000
118 1684535193 15023,000000 -1,000000 -101,000000 0,000000 0,000000
118 1684535194 15023,000000 -1,000000 -101,000000 0,000000 0,000000
118 1684535195 3976,400000 -1,000000 -101,000000 0,000000 0,000000
118 1684535196 3976,400000 -1,000000 -101,000000 0,000000 0,000000
118 1684535197 3976,400000 -1,000000 -101,000000 0,000000 0,000000
118 1684535198 3976,400000 -1,000000 -101,000000 0,000000 0,000000
118 1684535199 3976,400000 -1,000000 -101,000000 0,000000 0,000000
118 1684535200 30150,800000 -1,000000 -101,000000 0,000000 0,000000
118 1684535201 30150,800000 -1,000000 -101,000000 0,000000 0,000000
118 1684535202 30150,800000 -1,000000 -101,000000 0,000000 0,000000
118 1684535203 30150,800000 -1,000000 -101,000000 0,000000 0,000000
118 1684535204 30150,800000 -1,000000 -101,000000 0,000000 0,000000
118 1684535205 18517,400000 -1,000000 -101,000000 0,000000 0,000000
118 1684535206 18517,400000 -1,000000 -101,000000 0,000000 0,000000
118 1684535207 18517,400000 -1,000000 -101,000000 0,000000 0,000000
118 1684535208 18517,400000 -1,000000 -101,000000 0,000000 0,000000
118 1684535209 18517,400000 -1,000000 -101,000000 0,000000 0,000000
118 1684535210 12195,400000 -1,000000 -101,000000 0,000000 0,000000
118 1684535211 12195,400000 -1,000000 -101,000000 0,000000 0,000000
118 1684535212 12195,400000 -1,000000 -101,000000 0,000000 0,000000
118 1684535213 12195,400000 -1,000000 -101,000000 0,000000 0,000000
118 1684535214 12195,400000 -1,000000 -101,000000 0,000000 0,000000
118 1684535215 7055,600000 -1,000000 -101,000000 0,000000 0,000000
118 1684535216 7055,600000 -1,000000 -101,000000 0,000000 0,000000
118 1684535217 7055,600000 -1,000000 -101,000000 0,000000 0,000000
118 1684535218 7055,600000 -1,000000 -101,000000 0,000000 0,000000
118 1684535219 7055,600000 -1,000000 -101,000000 0,000000 0,000000
118 1684535220 15498,200000 -1,000000 -101,000000 0,000000 0,000000
118 1684535221 15498,200000 -1,000000 -101,000000 0,000000 0,000000
118 1684535222 15498,200000 -1,000000 -101,000000 0,000000 0,000000
118 1684535223 15498,200000 -1,000000 -101,000000 0,000000 0,000000
118 1684535224 15498,200000 -1,000000 -101,000000 0,000000 0,000000
118 1684535225 8472,000000 -1,000000 -101,000000 0,000000 0,000000
118 1684535226 8472,000000 -1,000000 -101,000000 0,000000 0,000000
118 1684535227 8472,000000 -1,000000 -101,000000 0,000000 0,000000
118 1684535228 8472,000000 -1,000000 -101,000000 0,000000 0,000000
118 1684535229 8472,000000 -1,000000 -101,000000 0,000000 0,000000
118 1684535230 20428,000000 -1,000000 -101,000000 0,000000 0,000000
118 1684535231 20428,000000 -1,000000 -101,000000 0,000000 0,000000
118 1684535232 20428,000000 -1,000000 -101,000000 0,000000 0,000000
118 1684535233 20428,000000 -1,000000 -101,000000 0,000000 0,000000
118 1684535234 20428,000000 -1,000000 -101,000000 0,000000 0,000000
118 1684535235 11151,600000 -1,000000 -101,000000 0,000000 0,000000
118 1684535236 11151,600000 -1,000000 -101,000000 0,000000 0,000000
118 1684535237 11151,600000 -1,000000 -101,000000 0,000000 0,000000
118 1684535238 11151,600000 -1,000000 -101,000000 0,000000 0,000000
118 1684535239 11151,600000 -1,000000 -101,000000 0,000000 0,000000
118 1684535240 18372,000000 -1,000000 -101,000000 0,000000 0,000000
118 1684535241 18372,000000 -1,000000 -101,000000 0,000000 0,000000
118 1684535242 18372,000000 -1,000000 -101,000000 0,000000 0,000000
118 1684535243 18372,000000 -1,000000 -101,000000 0,000000 0,000000
118 1684535244 18372,000000 -1,000000 -101,000000 0,000000 0,000000
118 1684535245 7899,600000 -1,000000 -101,000000 0,000000 0,000000
118 1684535246 7899,600000 -1,000000 -101,000000 0,000000 0,000000
118 1684535247 7899,600000 -1,000000 -101,000000 0,000000 0,000000
118 1684535248 7899,600000 -1,000000 -101,000000 0,000000 0,000000
118 1684535249 7899,600000 -1,000000 -101,000000 0,000000 0,000000
118 1684535250 18510,400000 -1,000000 -101,000000 0,000000 0,000000
118 1684535251 18510,400000 -1,000000 -101,000000 0,000000 0,000000
118 1684535252 18510,400000 -1,000000 -101,000000 0,000000 0,000000
118 1684535253 18510,400000 -1,000000 -101,000000 0,000000 0,000000
118 1684535254 18510,400000 -1,000000 -101,000000 0,000000 0,000000
118 1684535255 6399,600000 -1,000000 -101,000000 0,000000 0,000000
118 1684535256 6399,600000 -1,000000 -101,000000 0,000000 0,000000
118 1684535257 6399,600000 -1,000000 -101,000000 0,000000 0,000000
118 1684535258 6399,600000 -1,000000 -101,000000 0,000000 0,000000
118 1684535259 6399,600000 -1,000000 -101,000000 0,000000 0,000000
118 1684535260 13363,000000 -1,000000 -101,000000 0,000000 0,000000
118 1684535261 13363,000000 -1,000000 -101,000000 0,000000 0,000000
118 1684535262 13363,000000 -1,000000 -101,000000 0,000000 0,000000
118 1684535263 13363,000000 -1,000000 -101,000000 0,000000 0,000000
118 1684535264 13363,000000 -1,000000 -101,000000 0,000000 0,000000
118 1684535265 8501,000000 -1,000000 -101,000000 0,000000 0,000000
118 1684535266 8501,000000 -1,000000 -101,000000 0,000000 0,000000
118 1684535267 8501,000000 -1,000000 -101,000000 0,000000 0,000000
118 1684535268 8501,000000 -1,000000 -101,000000 0,000000 0,000000
118 1684535269 8501,000000 -1,000000 -101,000000 0,000000 0,000000
118 1684535270 24746,000000 -1,000000 -101,000000 0,000000 0,000000
118 1684535271 24746,000000 -1,000000 -101,000000 0,000000 0,000000
118 1684535272 24746,000000 -1,000000 -101,000000 0,000000 0,000000
118 1684535273 24746,000000 -1,000000 -101,000000 0,000000 0,000000
118 1684535274 24746,000000 -1,000000 -101,000000 0,000000 0,000000
118 1684535275 7416,400000 -1,000000 -101,000000 0,000000 0,000000
118 1684535276 7416,400000 -1,000000 -101,000000 0,000000 0,000000
118 1684535277 7416,400000 -1,000000 -101,000000 0,000000 0,000000
118 1684535278 7416,400000 -1,000000 -101,000000 0,000000 0,000000
118 1684535279 7416,400000 -1,000000 -101,000000 0,000000 0,000000
118 1684535280 10744,400000 -1,000000 -101,000000 0,000000 0,000000
118 1684535281 10744,400000 -1,000000 -101,000000 0,000000 0,000000
118 1684535282 10744,400000 -1,000000 -101,000000 0,000000 0,000000
118 1684535283 10744,400000 -1,000000 -101,000000 0,000000 0,000000
118 1684535284 10744,400000 -1,000000 -101,000000 0,000000 0,000000
118 1684535285 9609,200000 -1,000000 -101,000000 0,000000 0,000000
118 1684535286 9609,200000 -1,000000 -101,000000 0,000000 0,000000
118 1684535287 9609,200000 -1,000000 -101,000000 0,000000 0,000000
118 1684535288 9609,200000 -1,000000 -101,000000 0,000000 0,000000
118 1684535289 9609,200000 -1,000000 -101,000000 0,000000 0,000000
118 1684535290 17811,600000 -1,000000 -101,000000 0,000000 0,000000
118 1684535291 17811,600000 -1,000000 -101,000000 0,000000 0,000000
118 1684535292 17811,600000 -1,000000 -101,000000 0,000000 0,000000
118 1684535293 17811,600000 -1,000000 -101,000000 0,000000 0,000000
118 1684535294 17811,600000 -1,000000 -101,000000 0,000000 0,000000
118 1684535295 17671,400000 -1,000000 -101,000000 0,000000 0,000000
118 1684535296 17671,400000 -1,000000 -101,000000 0,000000 0,000000
118 1684535297 17671,400000 -1,000000 -101,000000 0,000000 0,000000
118 1684535298 17671,400000 -1,000000 -101,000000 0,000000 0,000000
118 1684535299 17671,400000 -1,000000 -101,000000 0,000000 0,000000
118 1684535300 17706,800000 -1,000000 -101,000000 0,000000 0,000000
118 1684535301 17706,800000 -1,000000 -101,000000 0,000000 0,000000
118 1684535302 17706,800000 -1,000000 -101,000000 0,000000 0,000000
118 1684535303 17706,800000 -1,000000 -101,000000 0,000000 0,000000
118 1684535304 17706,800000 -1,000000 -101,000000 0,000000 0,000000
118 1684535305 8961,400000 -1,000000 -101,000000 0,000000 0,000000
118 1684535306 8961,400000 -1,000000 -101,000000 0,000000 0,000000
118 1684535307 8961,400000 -1,000000 -101,000000 0,000000 0,000000
118 1684535308 8961,400000 -1,000000 -101,000000 0,000000 0,000000
118 1684535309 8961,400000 -1,000000 -101,000000 0,000000 0,000000
118 1684535310 13410,600000 -1,000000 -101,000000 0,000000 0,000000
118 1684535311 13410,600000 -1,000000 -101,000000 0,000000 0,000000
118 1684535312 13410,600000 -1,000000 -101,000000 0,000000 0,000000
118 1684535313 13410,600000 -1,000000 -101,000000 0,000000 0,000000
118 1684535314 13410,600000 -1,000000 -101,000000 0,000000 0,000000
118 1684535315 6537,600000 -1,000000 -101,000000 0,000000 0,000000
118 1684535316 6537,600000 -1,000000 -101,000000 0,000000 0,000000
118 1684535317 6537,600000 -1,000000 -101,000000 0,000000 0,000000
118 1684535318 6537,600000 -1,000000 -101,000000 0,000000 0,000000
118 1684535319 6537,600000 -1,000000 -101,000000 0,000000 0,000000
118 1684535320 22965,200000 -1,000000 -101,000000 0,000000 0,000000
118 1684535321 22965,200000 -1,000000 -101,000000 0,000000 0,000000
118 1684535322 22965,200000 -1,000000 -101,000000 0,000000 0,000000
118 1684535323 22965,200000 -1,000000 -101,000000 0,000000 0,000000
118 1684535324 22965,200000 -1,000000 -101,000000 0,000000 0,000000
118 1684535325 10693,800000 -1,000000 -101,000000 0,000000 0,000000
118 1684535326 10693,800000 -1,000000 -101,000000 0,000000 0,000000
118 1684535327 10693,800000 -1,000000 -101,000000 0,000000 0,000000
118 1684535328 10693,800000 -1,000000 -101,000000 0,000000 0,000000
118 1684535329 10693,800000 -1,000000 -101,000000 0,000000 0,000000
118 1684535330 20024,800000 -1,000000 -101,000000 0,000000 0,000000
118 1684535331 20024,800000 -1,000000 -101,000000 0,000000 0,000000
118 1684535332 20024,800000 -1,000000 -101,000000 0,000000 0,000000
118 1684535333 20024,800000 -1,000000 -101,000000 0,000000 0,000000
118 1684535334 20024,800000 -1,000000 -101,000000 0,000000 0,000000
118 1684535335 7138,800000 -1,000000 -101,000000 0,000000 0,000000
118 1684535336 7138,800000 -1,000000 -101,000000 0,000000 0,000000
118 1684535337 7138,800000 -1,000000 -101,000000 0,000000 0,000000
118 1684535399 16150,400000 -1,000000 16150,400000 16150,400000 0,000000
118 1684535398 16150,400000 -1,000000 16150,400000 16150,400000 0,000000
118 1684535397 16150,400000 -1,000000 16150,400000 16150,400000 0,000000
118 1684535396 16150,400000 -1,000000 16150,400000 16150,400000 0,000000
118 1684535395 16150,400000 -1,000000 16150,400000 16150,400000 0,000000
118 1684535394 22519,200000 -1,000000 22519,200000 22519,200000 0,000000
118 1684535393 22519,200000 -1,000000 22519,200000 22519,200000 0,000000
118 1684535392 22519,200000 -1,000000 22519,200000 22519,200000 0,000000
118 1684535391 22519,200000 -1,000000 22519,200000 22519,200000 0,000000
118 1684535390 22519,200000 -1,000000 22519,200000 22519,200000 0,000000
118 1684535389 8954,600000 -1,000000 8954,600000 8954,600000 0,000000
118 1684535388 8954,600000 -1,000000 8954,600000 8954,600000 0,000000
118 1684535387 8954,600000 -1,000000 8954,600000 8954,600000 0,000000
118 1684535386 8954,600000 -1,000000 8954,600000 8954,600000 0,000000
118 1684535385 8954,600000 -1,000000 8954,600000 8954,600000 0,000000
118 1684535384 16637,400000 -1,000000 16637,400000 16637,400000 0,000000
118 1684535383 16637,400000 -1,000000 16637,400000 16637,400000 0,000000
118 1684535382 16637,400000 -1,000000 16637,400000 16637,400000 0,000000
118 1684535381 16637,400000 -1,000000 16637,400000 16637,400000 0,000000
118 1684535380 16637,400000 -1,000000 16637,400000 16637,400000 0,000000
118 1684535379 1394,600000 -1,000000 1394,600000 1394,600000 0,000000
118 1684535378 1394,600000 -1,000000 1394,600000 1394,600000 0,000000
118 1684535377 1394,600000 -1,000000 1394,600000 1394,600000 0,000000
118 1684535376 1394,600000 -1,000000 1394,600000 1394,600000 0,000000
118 1684535375 1394,600000 -1,000000 1394,600000 1394,600000 0,000000
118 1684535374 14080,200000 -1,000000 14080,200000 14080,200000 0,000000
118 1684535373 14080,200000 -1,000000 14080,200000 14080,200000 0,000000
118 1684535372 14080,200000 -1,000000 14080,200000 14080,200000 0,000000
118 1684535371 14080,200000 -1,000000 14080,200000 14080,200000 0,000000
118 1684535370 14080,200000 -1,000000 14080,200000 14080,200000 0,000000
118 1684535369 15163,800000 -1,000000 15163,800000 15163,800000 0,000000
118 1684535368 15163,800000 -1,000000 15163,800000 15163,800000 0,000000
118 1684535367 15163,800000 -1,000000 15163,800000 15163,800000 0,000000
118 1684535366 15163,800000 -1,000000 15163,800000 15163,800000 0,000000
118 1684535365 15163,800000 -1,000000 15163,800000 15163,800000 0,000000
118 1684535364 25393,600000 -1,000000 25393,600000 25393,600000 0,000000
118 1684535363 25393,600000 -1,000000 25393,600000 25393,600000 0,000000
118 1684535362 25393,600000 -1,000000 25393,600000 25393,600000 0,000000
118 1684535361 25393,600000 -1,000000 25393,600000 25393,600000 0,000000
118 1684535360 25393,600000 -1,000000 25393,600000 25393,600000 0,000000
118 1684535359 1394,600000 -1,000000 1394,600000 1394,600000 0,000000
118 1684535358 1394,600000 -1,000000 1394,600000 1394,600000 0,000000
118 1684535357 1394,600000 -1,000000 1394,600000 1394,600000 0,000000
118 1684535356 1394,600000 -1,000000 1394,600000 1394,600000 0,000000
118 1684535355 1394,600000 -1,000000 1394,600000 1394,600000 0,000000
118 1684535354 17125,400000 -1,000000 17125,400000 17125,400000 0,000000
118 1684535353 17125,400000 -1,000000 17125,400000 17125,400000 0,000000
118 1684535352 17125,400000 -1,000000 17125,400000 17125,400000 0,000000
118 1684535351 17125,400000 -1,000000 17125,400000 17125,400000 0,000000
118 1684535350 17125,400000 -1,000000 17125,400000 17125,400000 0,000000
118 1684535349 5419,000000 -1,000000 5419,000000 5419,000000 0,000000
118 1684535348 5419,000000 -1,000000 5419,000000 5419,000000 0,000000
118 1684535347 5419,000000 -1,000000 5419,000000 5419,000000 0,000000
118 1684535346 5419,000000 -1,000000 5419,000000 5419,000000 0,000000
118 1684535345 5419,000000 -1,000000 5419,000000 5419,000000 0,000000
118 1684535344 21647,000000 -1,000000 21647,000000 21647,000000 0,000000
118 1684535343 21647,000000 -1,000000 21647,000000 21647,000000 0,000000
118 1684535342 21647,000000 -1,000000 21647,000000 21647,000000 0,000000
118 1684535341 21647,000000 -1,000000 21647,000000 21647,000000 0,000000
118 1684535340 21647,000000 -1,000000 21647,000000 21647,000000 0,000000
118 1684535339 7138,800000 -1,000000 7138,800000 7138,800000 0,000000
118 1684535338 7138,800000 -1,000000 7138,800000 7138,800000 0,000000
118 1684535338 7138,800000 -1,000000 -101,000000 0,000000 0,000000
118 1684535339 7138,800000 -1,000000 -101,000000 0,000000 0,000000
118 1684535340 21647,000000 -1,000000 -101,000000 0,000000 0,000000
118 1684535341 21647,000000 -1,000000 -101,000000 0,000000 0,000000
118 1684535342 21647,000000 -1,000000 -101,000000 0,000000 0,000000
118 1684535343 21647,000000 -1,000000 -101,000000 0,000000 0,000000
118 1684535344 21647,000000 -1,000000 -101,000000 0,000000 0,000000
118 1684535345 5419,000000 -1,000000 -101,000000 0,000000 0,000000
118 1684535346 5419,000000 -1,000000 -101,000000 0,000000 0,000000
118 1684535347 5419,000000 -1,000000 -101,000000 0,000000 0,000000
118 1684535348 5419,000000 -1,000000 -101,000000 0,000000 0,000000
118 1684535349 5419,000000 -1,000000 -101,000000 0,000000 0,000000
118 1684535350 17125,400000 -1,000000 -101,000000 0,000000 0,000000
118 1684535351 17125,400000 -1,000000 -101,000000 0,000000 0,000000
118 1684535352 17125,400000 -1,000000 -101,000000 0,000000 0,000000
118 1684535353 17125,400000 -1,000000 -101,000000 0,000000 0,000000
118 1684535354 17125,400000 -1,000000 -101,000000 0,000000 0,000000
118 1684535355 1394,600000 -1,000000 -101,000000 0,000000 0,000000
118 1684535356 1394,600000 -1,000000 -101,000000 0,000000 0,000000
118 1684535357 1394,600000 -1,000000 -101,000000 0,000000 0,000000
118 1684535358 1394,600000 -1,000000 -101,000000 0,000000 0,000000
118 1684535359 1394,600000 -1,000000 -101,000000 0,000000 0,000000
118 1684535360 25393,600000 -1,000000 -101,000000 0,000000 0,000000
118 1684535361 25393,600000 -1,000000 -101,000000 0,000000 0,000000
118 1684535362 25393,600000 -1,000000 -101,000000 0,000000 0,000000
118 1684535363 25393,600000 -1,000000 -101,000000 0,000000 0,000000
118 1684535364 25393,600000 -1,000000 -101,000000 0,000000 0,000000
118 1684535365 15163,800000 -1,000000 -101,000000 0,000000 0,000000
118 1684535366 15163,800000 -1,000000 -101,000000 0,000000 0,000000
118 1684535367 15163,800000 -1,000000 -101,000000 0,000000 0,000000
118 1684535368 15163,800000 -1,000000 -101,000000 0,000000 0,000000
118 1684535369 15163,800000 -1,000000 -101,000000 0,000000 0,000000
118 1684535370 14080,200000 -1,000000 -101,000000 0,000000 0,000000
118 1684535371 14080,200000 -1,000000 -101,000000 0,000000 0,000000
118 1684535372 14080,200000 -1,000000 -101,000000 0,000000 0,000000
118 1684535373 14080,200000 -1,000000 -101,000000 0,000000 0,000000
118 1684535374 14080,200000 -1,000000 -101,000000 0,000000 0,000000
118 1684535375 1394,600000 -1,000000 -101,000000 0,000000 0,000000
118 1684535376 1394,600000 -1,000000 -101,000000 0,000000 0,000000
118 1684535377 1394,600000 -1,000000 -101,000000 0,000000 0,000000
118 1684535378 1394,600000 -1,000000 -101,000000 0,000000 0,000000
118 1684535379 1394,600000 -1,000000 -101,000000 0,000000 0,000000
118 1684535380 16637,400000 -1,000000 -101,000000 0,000000 0,000000
118 1684535381 16637,400000 -1,000000 -101,000000 0,000000 0,000000
118 1684535382 16637,400000 -1,000000 -101,000000 0,000000 0,000000
118 1684535383 16637,400000 -1,000000 -101,000000 0,000000 0,000000
118 1684535384 16637,400000 -1,000000 -101,000000 0,000000 0,000000
118 1684535385 8954,600000 -1,000000 -101,000000 0,000000 0,000000
118 1684535386 8954,600000 -1,000000 -101,000000 0,000000 0,000000
118 1684535387 8954,600000 -1,000000 -101,000000 0,000000 0,000000
118 1684535388 8954,600000 -1,000000 -101,000000 0,000000 0,000000
118 1684535389 8954,600000 -1,000000 -101,000000 0,000000 0,000000
118 1684535390 22519,200000 -1,000000 -101,000000 0,000000 0,000000
118 1684535391 22519,200000 -1,000000 -101,000000 0,000000 0,000000
118 1684535392 22519,200000 -1,000000 -101,000000 0,000000 0,000000
118 1684535393 22519,200000 -1,000000 -101,000000 0,000000 0,000000
118 1684535394 22519,200000 -1,000000 -101,000000 0,000000 0,000000
118 1684535395 16150,400000 -1,000000 -101,000000 0,000000 0,000000
118 1684535396 16150,400000 -1,000000 -101,000000 0,000000 0,000000
118 1684535397 16150,400000 -1,000000 -101,000000 0,000000 0,000000
118 1684535398 16150,400000 -1,000000 -101,000000 0,000000 0,000000
118 1684535399 16150,400000 -1,000000 -101,000000 0,000000 0,000000
118 1684535400 17252,800000 -1,000000 -101,000000 0,000000 0,000000
118 1684535401 17252,800000 -1,000000 -101,000000 0,000000 0,000000
118 1684535402 17252,800000 -1,000000 -101,000000 0,000000 0,000000
118 1684535403 17252,800000 -1,000000 -101,000000 0,000000 0,000000
118 1684535404 17252,800000 -1,000000 -101,000000 0,000000 0,000000
118 1684535405 5922,600000 -1,000000 -101,000000 0,000000 0,000000
118 1684535406 5922,600000 -1,000000 -101,000000 0,000000 0,000000
118 1684535407 5922,600000 -1,000000 -101,000000 0,000000 0,000000
118 1684535408 5922,600000 -1,000000 -101,000000 0,000000 0,000000
118 1684535409 5922,600000 -1,000000 -101,000000 0,000000 0,000000
118 1684535410 18137,200000 -1,000000 -101,000000 0,000000 0,000000
118 1684535411 18137,200000 -1,000000 -101,000000 0,000000 0,000000
118 1684535412 18137,200000 -1,000000 -101,000000 0,000000 0,000000
118 1684535413 18137,200000 -1,000000 -101,000000 0,000000 0,000000
118 1684535414 18137,200000 -1,000000 -101,000000 0,000000 0,000000
118 1684535415 15384,600000 -1,000000 -101,000000 0,000000 0,000000
118 1684535416 15384,600000 -1,000000 -101,000000 0,000000 0,000000
118 1684535417 15384,600000 -1,000000 -101,000000 0,000000 0,000000
118 1684535418 15384,600000 -1,000000 -101,000000 0,000000 0,000000
118 1684535419 15384,600000 -1,000000 -101,000000 0,000000 0,000000
118 1684535420 20655,000000 -1,000000 -101,000000 0,000000 0,000000
118 1684535421 20655,000000 -1,000000 -101,000000 0,000000 0,000000
118 1684535422 20655,000000 -1,000000 -101,000000 0,000000 0,000000
118 1684535423 20655,000000 -1,000000 -101,000000 0,000000 0,000000
118 1684535424 20655,000000 -1,000000 -101,000000 0,000000 0,000000
118 1684535425 5907,000000 -1,000000 -101,000000 0,000000 0,000000
118 1684535426 5907,000000 -1,000000 -101,000000 0,000000 0,000000
118 1684535427 5907,000000 -1,000000 -101,000000 0,000000 0,000000
118 1684535428 5907,000000 -1,000000 -101,000000 0,000000 0,000000
118 1684535429 5907,000000 -1,000000 -101,000000 0,000000 0,000000
118 1684535430 21839,000000 -1,000000 -101,000000 0,000000 0,000000
118 1684535431 21839,000000 -1,000000 -101,000000 0,000000 0,000000
118 1684535432 21839,000000 -1,000000 -101,000000 0,000000 0,000000
118 1684535433 21839,000000 -1,000000 -101,000000 0,000000 0,000000
118 1684535434 21839,000000 -1,000000 -101,000000 0,000000 0,000000
118 1684535435 13027,200000 -1,000000 -101,000000 0,000000 0,000000
118 1684535436 13027,200000 -1,000000 -101,000000 0,000000 0,000000
118 1684535437 13027,200000 -1,000000 -101,000000 0,000000 0,000000
118 1684535438 13027,200000 -1,000000 -101,000000 0,000000 0,000000
118 1684535439 13027,200000 -1,000000 -101,000000 0,000000 0,000000
118 1684535440 23011,600000 -1,000000 -101,000000 0,000000 0,000000
118 1684535441 23011,600000 -1,000000 -101,000000 0,000000 0,000000
118 1684535442 23011,600000 -1,000000 -101,000000 0,000000 0,000000
118 1684535443 23011,600000 -1,000000 -101,000000 0,000000 0,000000
118 1684535444 23011,600000 -1,000000 -101,000000 0,000000 0,000000
118 1684535445 5723,200000 -1,000000 -101,000000 0,000000 0,000000
118 1684535446 5723,200000 -1,000000 -101,000000 0,000000 0,000000
118 1684535447 5723,200000 -1,000000 -101,000000 0,000000 0,000000
118 1684535448 5723,200000 -1,000000 -101,000000 0,000000 0,000000
118 1684535449 5723,200000 -1,000000 -101,000000 0,000000 0,000000
118 1684535450 17487,600000 -1,000000 -101,000000 0,000000 0,000000
118 1684535451 17487,600000 -1,000000 -101,000000 0,000000 0,000000
118 1684535452 17487,600000 -1,000000 -101,000000 0,000000 0,000000
118 1684535453 17487,600000 -1,000000 -101,000000 0,000000 0,000000
118 1684535454 17487,600000 -1,000000 -101,000000 0,000000 0,000000
118 1684535455 9980,800000 -1,000000 -101,000000 0,000000 0,000000
118 1684535456 9980,800000 -1,000000 -101,000000 0,000000 0,000000
118 1684535457 9980,800000 -1,000000 -101,000000 0,000000 0,000000
118 1684535458 9980,800000 -1,000000 -101,000000 0,000000 0,000000
118 1684535459 9980,800000 -1,000000 -101,000000 0,000000 0,000000
118 1684535460 17381,400000 -1,000000 -101,000000 0,000000 0,000000
118 1684535461 17381,400000 -1,000000 -101,000000 0,000000 0,000000
118 1684535462 17381,400000 -1,000000 -101,000000 0,000000 0,000000
118 1684535463 17381,400000 -1,000000 -101,000000 0,000000 0,000000
118 1684535464 17381,400000 -1,000000 -101,000000 0,000000 0,000000
118 1684535465 13760,400000 -1,000000 -101,000000 0,000000 0,000000
118 1684535466 13760,400000 -1,000000 -101,000000 0,000000 0,000000
118 1684535467 13760,400000 -1,000000 -101,000000 0,000000 0,000000
118 1684535468 13760,400000 -1,000000 -101,000000 0,000000 0,000000
118 1684535469 13760,400000 -1,000000 -101,000000 0,000000 0,000000
118 1684535470 15785,200000 -1,000000 -101,000000 0,000000 0,000000
118 1684535471 15785,200000 -1,000000 -101,000000 0,000000 0,000000
118 1684535472 15785,200000 -1,000000 -101,000000 0,000000 0,000000
118 1684535473 15785,200000 -1,000000 -101,000000 0,000000 0,000000
118 1684535474 15785,200000 -1,000000 -101,000000 0,000000 0,000000
118 1684535475 1394,200000 -1,000000 -101,000000 0,000000 0,000000
118 1684535476 1394,200000 -1,000000 -101,000000 0,000000 0,000000
118 1684535477 1394,200000 -1,000000 -101,000000 0,000000 0,000000
118 1684535478 1394,200000 -1,000000 -101,000000 0,000000 0,000000
118 1684535479 1394,200000 -1,000000 -101,000000 0,000000 0,000000
118 1684535480 17143,200000 -1,000000 -101,000000 0,000000 0,000000
118 1684535481 17143,200000 -1,000000 -101,000000 0,000000 0,000000
118 1684535482 17143,200000 -1,000000 -101,000000 0,000000 0,000000
118 1684535483 17143,200000 -1,000000 -101,000000 0,000000 0,000000
118 1684535484 17143,200000 -1,000000 -101,000000 0,000000 0,000000
118 1684535485 16143,800000 -1,000000 -101,000000 0,000000 0,000000
118 1684535486 16143,800000 -1,000000 -101,000000 0,000000 0,000000
118 1684535487 16143,800000 -1,000000 -101,000000 0,000000 0,000000
118 1684535488 16143,800000 -1,000000 -101,000000 0,000000 0,000000
118 1684535489 16143,800000 -1,000000 -101,000000 0,000000 0,000000
118 1684535490 19847,800000 -1,000000 -101,000000 0,000000 0,000000
118 1684535491 19847,800000 -1,000000 -101,000000 0,000000 0,000000
118 1684535492 19847,800000 -1,000000 -101,000000 0,000000 0,000000
118 1684535493 19847,800000 -1,000000 -101,000000 0,000000 0,000000
118 1684535494 19847,800000 -1,000000 -101,000000 0,000000 0,000000
118 1684535495 5008,200000 -1,000000 -101,000000 0,000000 0,000000
118 1684535496 5008,200000 -1,000000 -101,000000 0,000000 0,000000
118 1684535497 5008,200000 -1,000000 -101,000000 0,000000 0,000000
118 1684535498 5008,200000 -1,000000 -101,000000 0,000000 0,000000
118 1684535499 5008,200000 -1,000000 -101,000000 0,000000 0,000000
118 1684535500 14170,400000 -1,000000 -101,000000 0,000000 0,000000
118 1684535501 14170,400000 -1,000000 -101,000000 0,000000 0,000000
118 1684535502 14170,400000 -1,000000 -101,000000 0,000000 0,000000
118 1684535503 14170,400000 -1,000000 -101,000000 0,000000 0,000000
118 1684535504 14170,400000 -1,000000 -101,000000 0,000000 0,000000
118 1684535505 9619,600000 -1,000000 -101,000000 0,000000 0,000000
118 1684535506 9619,600000 -1,000000 -101,000000 0,000000 0,000000
118 1684535507 9619,600000 -1,000000 -101,000000 0,000000 0,000000
118 1684535508 9619,600000 -1,000000 -101,000000 0,000000 0,000000
118 1684535509 9619,600000 -1,000000 -101,000000 0,000000 0,000000
118 1684535510 20471,400000 -1,000000 -101,000000 0,000000 0,000000
118 1684535511 20471,400000 -1,000000 -101,000000 0,000000 0,000000
118 1684535512 20471,400000 -1,000000 -101,000000 0,000000 0,000000
118 1684535513 20471,400000 -1,000000 -101,000000 0,000000 0,000000
118 1684535514 20471,400000 -1,000000 -101,000000 0,000000 0,000000
118 1684535515 4772,600000 -1,000000 -101,000000 0,000000 0,000000
118 1684535516 4772,600000 -1,000000 -101,000000 0,000000 0,000000
118 1684535517 4772,600000 -1,000000 -101,000000 0,000000 0,000000
118 1684535518 4772,600000 -1,000000 -101,000000 0,000000 0,000000
118 1684535519 4772,600000 -1,000000 -101,000000 0,000000 0,000000
118 1684535520 23933,600000 -1,000000 -101,000000 0,000000 0,000000
118 1684535521 23933,600000 -1,000000 -101,000000 0,000000 0,000000
118 1684535522 23933,600000 -1,000000 -101,000000 0,000000 0,000000
118 1684535523 23933,600000 -1,000000 -101,000000 0,000000 0,000000
118 1684535524 23933,600000 -1,000000 -101,000000 0,000000 0,000000
118 1684535525 13213,200000 -1,000000 -101,000000 0,000000 0,000000
118 1684535526 13213,200000 -1,000000 -101,000000 0,000000 0,000000
118 1684535527 13213,200000 -1,000000 -101,000000 0,000000 0,000000
118 1684535528 13213,200000 -1,000000 -101,000000 0,000000 0,000000
118 1684535529 13213,200000 -1,000000 -101,000000 0,000000 0,000000
118 1684535530 19802,200000 -1,000000 -101,000000 0,000000 0,000000
118 1684535531 19802,200000 -1,000000 -101,000000 0,000000 0,000000
118 1684535532 19802,200000 -1,000000 -101,000000 0,000000 0,000000
118 1684535533 19802,200000 -1,000000 -101,000000 0,000000 0,000000
118 1684535534 19802,200000 -1,000000 -101,000000 0,000000 0,000000
118 1684535535 8764,200000 -1,000000 -101,000000 0,000000 0,000000
118 1684535536 8764,200000 -1,000000 -101,000000 0,000000 0,000000
118 1684535537 8764,200000 -1,000000 -101,000000 0,000000 0,000000
118 1684535538 8764,200000 -1,000000 -101,000000 0,000000 0,000000
118 1684535539 8764,200000 -1,000000 -101,000000 0,000000 0,000000
118 1684535540 20243,200000 -1,000000 -101,000000 0,000000 0,000000
118 1684535541 20243,200000 -1,000000 -101,000000 0,000000 0,000000
118 1684535542 20243,200000 -1,000000 -101,000000 0,000000 0,000000
118 1684535543 20243,200000 -1,000000 -101,000000 0,000000 0,000000
118 1684535544 20243,200000 -1,000000 -101,000000 0,000000 0,000000
118 1684535545 6404,200000 -1,000000 -101,000000 0,000000 0,000000
118 1684535546 6404,200000 -1,000000 -101,000000 0,000000 0,000000
118 1684535547 6404,200000 -1,000000 -101,000000 0,000000 0,000000
118 1684535548 6404,200000 -1,000000 -101,000000 0,000000 0,000000
118 1684535549 6404,200000 -1,000000 -101,000000 0,000000 0,000000
118 1684535550 16701,800000 -1,000000 -101,000000 0,000000 0,000000
118 1684535551 16701,800000 -1,000000 -101,000000 0,000000 0,000000
118 1684535552 16701,800000 -1,000000 -101,000000 0,000000 0,000000
118 1684535553 16701,800000 -1,000000 -101,000000 0,000000 0,000000
118 1684535554 16701,800000 -1,000000 -101,000000 0,000000 0,000000
118 1684535555 15796,400000 -1,000000 -101,000000 0,000000 0,000000
118 1684535556 15796,400000 -1,000000 -101,000000 0,000000 0,000000
118 1684535557 15796,400000 -1,000000 -101,000000 0,000000 0,000000
118 1684535558 15796,400000 -1,000000 -101,000000 0,000000 0,000000
118 1684535559 15796,400000 -1,000000 -101,000000 0,000000 0,000000
118 1684535560 24013,800000 -1,000000 -101,000000 0,000000 0,000000
118 1684535561 24013,800000 -1,000000 -101,000000 0,000000 0,000000
118 1684535562 24013,800000 -1,000000 -101,000000 0,000000 0,000000
118 1684535563 24013,800000 -1,000000 -101,000000 0,000000 0,000000
118 1684535564 24013,800000 -1,000000 -101,000000 0,000000 0,000000
118 1684535565 7147,400000 -1,000000 -101,000000 0,000000 0,000000
118 1684535566 7147,400000 -1,000000 -101,000000 0,000000 0,000000
118 1684535567 7147,400000 -1,000000 -101,000000 0,000000 0,000000
118 1684535568 7147,400000 -1,000000 -101,000000 0,000000 0,000000
118 1684535569 7147,400000 -1,000000 -101,000000 0,000000 0,000000
118 1684535570 11207,200000 -1,000000 -101,000000 0,000000 0,000000
118 1684535571 11207,200000 -1,000000 -101,000000 0,000000 0,000000
118 1684535572 11207,200000 -1,000000 -101,000000 0,000000 0,000000
118 1684535573 11207,200000 -1,000000 -101,000000 0,000000 0,000000
118 1684535574 11207,200000 -1,000000 -101,000000 0,000000 0,000000
118 1684535575 9634,000000 -1,000000 -101,000000 0,000000 0,000000
118 1684535576 9634,000000 -1,000000 -101,000000 0,000000 0,000000
118 1684535577 9634,000000 -1,000000 -101,000000 0,000000 0,000000
118 1684535578 9634,000000 -1,000000 -101,000000 0,000000 0,000000
118 1684535579 9634,000000 -1,000000 -101,000000 0,000000 0,000000
118 1684535580 20804,200000 -1,000000 -101,000000 0,000000 0,000000
118 1684535581 20804,200000 -1,000000 -101,000000 0,000000 0,000000
118 1684535582 20804,200000 -1,000000 -101,000000 0,000000 0,000000
118 1684535583 20804,200000 -1,000000 -101,000000 0,000000 0,000000
118 1684535584 20804,200000 -1,000000 -101,000000 0,000000 0,000000
118 1684535585 10161,000000 -1,000000 -101,000000 0,000000 0,000000
118 1684535586 10161,000000 -1,000000 -101,000000 0,000000 0,000000
118 1684535587 10161,000000 -1,000000 -101,000000 0,000000 0,000000
118 1684535588 10161,000000 -1,000000 -101,000000 0,000000 0,000000
118 1684535589 10161,000000 -1,000000 -101,000000 0,000000 0,000000
118 1684535590 16014,400000 -1,000000 -101,000000 0,000000 0,000000
118 1684535591 16014,400000 -1,000000 -101,000000 0,000000 0,000000
118 1684535592 16014,400000 -1,000000 -101,000000 0,000000 0,000000
118 1684535593 16014,400000 -1,000000 -101,000000 0,000000 0,000000
118 1684535594 16014,400000 -1,000000 -101,000000 0,000000 0,000000
118 1684535595 8946,000000 -1,000000 -101,000000 0,000000 0,000000
118 1684535596 8946,000000 -1,000000 -101,000000 0,000000 0,000000
118 1684535597 8946,000000 -1,000000 -101,000000 0,000000 0,000000
118 1684535598 8946,000000 -1,000000 -101,000000 0,000000 0,000000
118 1684535599 8946,000000 -1,000000 -101,000000 0,000000 0,000000
118 1684535600 17423,600000 -1,000000 -101,000000 0,000000 0,000000
118 1684535601 17423,600000 -1,000000 -101,000000 0,000000 0,000000
118 1684535602 17423,600000 -1,000000 -101,000000 0,000000 0,000000
118 1684535603 17423,600000 -1,000000 -101,000000 0,000000 0,000000
118 1684535604 17423,600000 -1,000000 -101,000000 0,000000 0,000000
118 1684535605 5664,000000 -1,000000 -101,000000 0,000000 0,000000
118 1684535606 5664,000000 -1,000000 -101,000000 0,000000 0,000000
118 1684535607 5664,000000 -1,000000 -101,000000 0,000000 0,000000
118 1684535608 5664,000000 -1,000000 -101,000000 0,000000 0,000000
118 1684535609 5664,000000 -1,000000 -101,000000 0,000000 0,000000
118 1684535610 19383,800000 -1,000000 -101,000000 0,000000 0,000000
118 1684535611 19383,800000 -1,000000 -101,000000 0,000000 0,000000
118 1684535612 19383,800000 -1,000000 -101,000000 0,000000 0,000000
118 1684535613 19383,800000 -1,000000 -101,000000 0,000000 0,000000
118 1684535614 19383,800000 -1,000000 -101,000000 0,000000 0,000000
118 1684535615 10005,800000 -1,000000 -101,000000 0,000000 0,000000
118 1684535616 10005,800000 -1,000000 -101,000000 0,000000 0,000000
118 1684535617 10005,800000 -1,000000 -101,000000 0,000000 0,000000
118 1684535618 10005,800000 -1,000000 -101,000000 0,000000 0,000000
118 1684535619 10005,800000 -1,000000 -101,000000 0,000000 0,000000
118 1684535620 15316,200000 -1,000000 -101,000000 0,000000 0,000000
118 1684535621 15316,200000 -1,000000 -101,000000 0,000000 0,000000
118 1684535622 15316,200000 -1,000000 -101,000000 0,000000 0,000000
118 1684535623 15316,200000 -1,000000 -101,000000 0,000000 0,000000
118 1684535624 15316,200000 -1,000000 -101,000000 0,000000 0,000000
118 1684535625 5908,400000 -1,000000 -101,000000 0,000000 0,000000
118 1684535626 5908,400000 -1,000000 -101,000000 0,000000 0,000000
118 1684535627 5908,400000 -1,000000 -101,000000 0,000000 0,000000
118 1684535628 5908,400000 -1,000000 -101,000000 0,000000 0,000000
118 1684535629 5908,400000 -1,000000 -101,000000 0,000000 0,000000
118 1684535630 23740,600000 -1,000000 -101,000000 0,000000 0,000000
118 1684535631 23740,600000 -1,000000 -101,000000 0,000000 0,000000
118 1684535632 23740,600000 -1,000000 -101,000000 0,000000 0,000000
118 1684535633 23740,600000 -1,000000 -101,000000 0,000000 0,000000
118 1684535634 23740,600000 -1,000000 -101,000000 0,000000 0,000000
118 1684535635 11405,200000 -1,000000 -101,000000 0,000000 0,000000
118 1684535636 11405,200000 -1,000000 -101,000000 0,000000 0,000000
118 1684535637 11405,200000 -1,000000 -101,000000 0,000000 0,000000
118 1684535638 11405,200000 -1,000000 -101,000000 0,000000 0,000000
118 1684535639 11405,200000 -1,000000 -101,000000 0,000000 0,000000
118 1684535640 22520,200000 -1,000000 -101,000000 0,000000 0,000000
118 1684535641 22520,200000 -1,000000 -101,000000 0,000000 0,000000
118 1684535642 22520,200000 -1,000000 -101,000000 0,000000 0,000000
118 1684535643 22520,200000 -1,000000 -101,000000 0,000000 0,000000
118 1684535644 22520,200000 -1,000000 -101,000000 0,000000 0,000000
118 1684535645 10623,000000 -1,000000 -101,000000 0,000000 0,000000
118 1684535646 10623,000000 -1,000000 -101,000000 0,000000 0,000000
118 1684535647 10623,000000 -1,000000 -101,000000 0,000000 0,000000
118 1684535648 10623,000000 -1,000000 -101,000000 0,000000 0,000000
118 1684535649 10623,000000 -1,000000 -101,000000 0,000000 0,000000
118 1684535650 20008,000000 -1,000000 -101,000000 0,000000 0,000000
118 1684535651 20008,000000 -1,000000 -101,000000 0,000000 0,000000
118 1684535652 20008,000000 -1,000000 -101,000000 0,000000 0,000000
118 1684535653 20008,000000 -1,000000 -101,000000 0,000000 0,000000
118 1684535654 20008,000000 -1,000000 -101,000000 0,000000 0,000000
118 1684535655 9021,800000 -1,000000 -101,000000 0,000000 0,000000
118 1684535656 9021,800000 -1,000000 -101,000000 0,000000 0,000000
118 1684535657 9021,800000 -1,000000 -101,000000 0,000000 0,000000
118 1684535658 9021,800000 -1,000000 -101,000000 0,000000 0,000000
118 1684535659 9021,800000 -1,000000 -101,000000 0,000000 0,000000
118 1684535660 12580,800000 -1,000000 -101,000000 0,000000 0,000000
118 1684535661 12580,800000 -1,000000 -101,000000 0,000000 0,000000
118 1684535662 12580,800000 -1,000000 -101,000000 0,000000 0,000000
118 1684535663 12580,800000 -1,000000 -101,000000 0,000000 0,000000
118 1684535664 12580,800000 -1,000000 -101,000000 0,000000 0,000000
118 1684535665 9632,200000 -1,000000 -101,000000 0,000000 0,000000
118 1684535666 9632,200000 -1,000000 -101,000000 0,000000 0,000000
118 1684535667 9632,200000 -1,000000 -101,000000 0,000000 0,000000
118 1684535668 9632,200000 -1,000000 -101,000000 0,000000 0,000000
118 1684535669 9632,200000 -1,000000 -101,000000 0,000000 0,000000
118 1684535670 24018,000000 -1,000000 -101,000000 0,000000 0,000000
118 1684535671 24018,000000 -1,000000 -101,000000 0,000000 0,000000
118 1684535672 24018,000000 -1,000000 -101,000000 0,000000 0,000000
118 1684535673 24018,000000 -1,000000 -101,000000 0,000000 0,000000
118 1684535674 24018,000000 -1,000000 -101,000000 0,000000 0,000000
118 1684535675 3994,800000 -1,000000 -101,000000 0,000000 0,000000
118 1684535676 3994,800000 -1,000000 -101,000000 0,000000 0,000000
118 1684535677 3994,800000 -1,000000 -101,000000 0,000000 0,000000
118 1684535678 3994,800000 -1,000000 -101,000000 0,000000 0,000000
118 1684535679 3994,800000 -1,000000 -101,000000 0,000000 0,000000
118 1684535680 20745,400000 -1,000000 -101,000000 0,000000 0,000000
118 1684535681 20745,400000 -1,000000 -101,000000 0,000000 0,000000
118 1684535682 20745,400000 -1,000000 -101,000000 0,000000 0,000000
118 1684535683 20745,400000 -1,000000 -101,000000 0,000000 0,000000
118 1684535684 20745,400000 -1,000000 -101,000000 0,000000 0,000000
118 1684535685 13757,200000 -1,000000 -101,000000 0,000000 0,000000
118 1684535686 13757,200000 -1,000000 -101,000000 0,000000 0,000000
118 1684535687 13757,200000 -1,000000 -101,000000 0,000000 0,000000
118 1684535688 13757,200000 -1,000000 -101,000000 0,000000 0,000000
118 1684535689 13757,200000 -1,000000 -101,000000 0,000000 0,000000
118 1684535690 17104,200000 -1,000000 -101,000000 0,000000 0,000000
118 1684535691 17104,200000 -1,000000 -101,000000 0,000000 0,000000
118 1684535692 17104,200000 -1,000000 -101,000000 0,000000 0,000000
118 1684535693 17104,200000 -1,000000 -101,000000 0,000000 0,000000
118 1684535694 17104,200000 -1,000000 -101,000000 0,000000 0,000000
118 1684535695 1409,800000 -1,000000 -101,000000 0,000000 0,000000
118 1684535696 1409,800000 -1,000000 -101,000000 0,000000 0,000000
118 1684535697 1409,800000 -1,000000 -101,000000 0,000000 0,000000
118 1684535698 1409,800000 -1,000000 -101,000000 0,000000 0,000000
118 1684535699 1409,800000 -1,000000 -101,000000 0,000000 0,000000
118 1684535700 19221,800000 -1,000000 -101,000000 0,000000 0,000000
118 1684535701 19221,800000 -1,000000 -101,000000 0,000000 0,000000
118 1684535702 19221,800000 -1,000000 -101,000000 0,000000 0,000000
118 1684535703 19221,800000 -1,000000 -101,000000 0,000000 0,000000
118 1684535704 19221,800000 -1,000000 -101,000000 0,000000 0,000000
118 1684535705 10930,400000 -1,000000 -101,000000 0,000000 0,000000
118 1684535706 10930,400000 -1,000000 -101,000000 0,000000 0,000000
118 1684535707 10930,400000 -1,000000 -101,000000 0,000000 0,000000
118 1684535708 10930,400000 -1,000000 -101,000000 0,000000 0,000000
118 1684535709 10930,400000 -1,000000 -101,000000 0,000000 0,000000
118 1684535710 22558,200000 -1,000000 -101,000000 0,000000 0,000000
118 1684535711 22558,200000 -1,000000 -101,000000 0,000000 0,000000
118 1684535712 22558,200000 -1,000000 -101,000000 0,000000 0,000000
118 1684535713 22558,200000 -1,000000 -101,000000 0,000000 0,000000
118 1684535714 22558,200000 -1,000000 -101,000000 0,000000 0,000000
118 1684535715 5930,000000 -1,000000 -101,000000 0,000000 0,000000
118 1684535716 5930,000000 -1,000000 -101,000000 0,000000 0,000000
118 1684535717 5930,000000 -1,000000 -101,000000 0,000000 0,000000
118 1684535718 5930,000000 -1,000000 -101,000000 0,000000 0,000000
118 1684535719 5930,000000 -1,000000 -101,000000 0,000000 0,000000
118 1684535720 24809,000000 -1,000000 -101,000000 0,000000 0,000000
118 1684535721 24809,000000 -1,000000 -101,000000 0,000000 0,000000
118 1684535722 24809,000000 -1,000000 -101,000000 0,000000 0,000000
118 1684535723 24809,000000 -1,000000 -101,000000 0,000000 0,000000
118 1684535724 24809,000000 -1,000000 -101,000000 0,000000 0,000000
118 1684535725 11034,200000 -1,000000 -101,000000 0,000000 0,000000
118 1684535726 11034,200000 -1,000000 -101,000000 0,000000 0,000000
118 1684535727 11034,200000 -1,000000 -101,000000 0,000000 0,000000
118 1684535728 11034,200000 -1,000000 -101,000000 0,000000 0,000000
118 1684535729 11034,200000 -1,000000 -101,000000 0,000000 0,000000
118 1684535730 16688,200000 -1,000000 -101,000000 0,000000 0,000000
118 1684535731 16688,200000 -1,000000 -101,000000 0,000000 0,000000
118 1684535732 16688,200000 -1,000000 -101,000000 0,000000 0,000000
118 1684535733 16688,200000 -1,000000 -101,000000 0,000000 0,000000
118 1684535734 16688,200000 -1,000000 -101,000000 0,000000 0,000000
118 1684535735 6108,600000 -1,000000 -101,000000 0,000000 0,000000
118 1684535736 6108,600000 -1,000000 -101,000000 0,000000 0,000000
118 1684535737 6108,600000 -1,000000 -101,000000 0,000000 0,000000
118 1684535738 6108,600000 -1,000000 -101,000000 0,000000 0,000000
118 1684535739 6108,600000 -1,000000 -101,000000 0,000000 0,000000
118 1684535740 20958,600000 -1,000000 -101,000000 0,000000 0,000000
118 1684535741 20958,600000 -1,000000 -101,000000 0,000000 0,000000
118 1684535742 20958,600000 -1,000000 -101,000000 0,000000 0,000000
118 1684535743 20958,600000 -1,000000 -101,000000 0,000000 0,000000
118 1684535744 20958,600000 -1,000000 -101,000000 0,000000 0,000000
118 1684535745 10909,400000 -1,000000 -101,000000 0,000000 0,000000
118 1684535746 10909,400000 -1,000000 -101,000000 0,000000 0,000000
118 1684535747 10909,400000 -1,000000 -101,000000 0,000000 0,000000
118 1684535748 10909,400000 -1,000000 -101,000000 0,000000 0,000000
118 1684535749 10909,400000 -1,000000 -101,000000 0,000000 0,000000
118 1684535750 22207,000000 -1,000000 -101,000000 0,000000 0,000000
118 1684535751 22207,000000 -1,000000 -101,000000 0,000000 0,000000
118 1684535752 22207,000000 -1,000000 -101,000000 0,000000 0,000000
118 1684535753 22207,000000 -1,000000 -101,000000 0,000000 0,000000
118 1684535754 22207,000000 -1,000000 -101,000000 0,000000 0,000000
118 1684535755 17715,200000 -1,000000 -101,000000 0,000000 0,000000
118 1684535756 17715,200000 -1,000000 -101,000000 0,000000 0,000000
118 1684535757 17715,200000 -1,000000 -101,000000 0,000000 0,000000
118 1684535758 17715,200000 -1,000000 -101,000000 0,000000 0,000000
118 1684535759 17715,200000 -1,000000 -101,000000 0,000000 0,000000
118 1684535760 15648,400000 -1,000000 -101,000000 0,000000 0,000000
118 1684535761 15648,400000 -1,000000 -101,000000 0,000000 0,000000
118 1684535762 15648,400000 -1,000000 -101,000000 0,000000 0,000000
118 1684535763 15648,400000 -1,000000 -101,000000 0,000000 0,000000
118 1684535764 15648,400000 -1,000000 -101,000000 0,000000 0,000000
118 1684535765 1376,000000 -1,000000 -101,000000 0,000000 0,000000
118 1684535766 1376,000000 -1,000000 -101,000000 0,000000 0,000000
118 1684535767 1376,000000 -1,000000 -101,000000 0,000000 0,000000
118 1684535768 1376,000000 -1,000000 -101,000000 0,000000 0,000000
118 1684535769 1376,000000 -1,000000 -101,000000 0,000000 0,000000
118 1684535770 14637,000000 -1,000000 -101,000000 0,000000 0,000000
118 1684535771 14637,000000 -1,000000 -101,000000 0,000000 0,000000
118 1684535772 14637,000000 -1,000000 -101,000000 0,000000 0,000000
118 1684535773 14637,000000 -1,000000 -101,000000 0,000000 0,000000
118 1684535774 14637,000000 -1,000000 -101,000000 0,000000 0,000000
118 1684535775 17983,000000 -1,000000 -101,000000 0,000000 0,000000
118 1684535776 17983,000000 -1,000000 -101,000000 0,000000 0,000000
118 1684535777 17983,000000 -1,000000 -101,000000 0,000000 0,000000
118 1684535778 17983,000000 -1,000000 -101,000000 0,000000 0,000000
118 1684535779 17983,000000 -1,000000 -101,000000 0,000000 0,000000
118 1684535780 22428,000000 -1,000000 -101,000000 0,000000 0,000000
118 1684535781 22428,000000 -1,000000 -101,000000 0,000000 0,000000
118 1684535782 22428,000000 -1,000000 -101,000000 0,000000 0,000000
118 1684535783 22428,000000 -1,000000 -101,000000 0,000000 0,000000
118 1684535784 22428,000000 -1,000000 -101,000000 0,000000 0,000000
118 1684535785 8376,400000 -1,000000 -101,000000 0,000000 0,000000
118 1684535786 8376,400000 -1,000000 -101,000000 0,000000 0,000000
118 1684535787 8376,400000 -1,000000 -101,000000 0,000000 0,000000
118 1684535788 8376,400000 -1,000000 -101,000000 0,000000 0,000000
118 1684535789 8376,400000 -1,000000 -101,000000 0,000000 0,000000
118 1684535790 18322,600000 -1,000000 -101,000000 0,000000 0,000000
118 1684535791 18322,600000 -1,000000 -101,000000 0,000000 0,000000
118 1684535792 18322,600000 -1,000000 -101,000000 0,000000 0,000000
118 1684535793 18322,600000 -1,000000 -101,000000 0,000000 0,000000
118 1684535794 18322,600000 -1,000000 -101,000000 0,000000 0,000000
118 1684535795 6378,600000 -1,000000 -101,000000 0,000000 0,000000
118 1684535796 6378,600000 -1,000000 -101,000000 0,000000 0,000000
118 1684535797 6378,600000 -1,000000 -101,000000 0,000000 0,000000
118 1684535798 6378,600000 -1,000000 -101,000000 0,000000 0,000000
118 1684535799 6378,600000 -1,000000 -101,000000 0,000000 0,000000
118 1684535800 19604,200000 -1,000000 -101,000000 0,000000 0,000000
118 1684535801 19604,200000 -1,000000 -101,000000 0,000000 0,000000
118 1684535802 19604,200000 -1,000000 -101,000000 0,000000 0,000000
118 1684535803 19604,200000 -1,000000 -101,000000 0,000000 0,000000
118 1684535804 19604,200000 -1,000000 -101,000000 0,000000 0,000000
118 1684535805 8174,600000 -1,000000 -101,000000 0,000000 0,000000
118 1684535806 8174,600000 -1,000000 -101,000000 0,000000 0,000000
118 1684535807 8174,600000 -1,000000 -101,000000 0,000000 0,000000
118 1684535808 8174,600000 -1,000000 -101,000000 0,000000 0,000000
118 1684535809 8174,600000 -1,000000 -101,000000 0,000000 0,000000
118 1684535810 20166,600000 -1,000000 -101,000000 0,000000 0,000000
118 1684535811 20166,600000 -1,000000 -101,000000 0,000000 0,000000
118 1684535812 20166,600000 -1,000000 -101,000000 0,000000 0,000000
118 1684535813 20166,600000 -1,000000 -101,000000 0,000000 0,000000
118 1684535814 20166,600000 -1,000000 -101,000000 0,000000 0,000000
118 1684535815 7412,400000 -1,000000 -101,000000 0,000000 0,000000
118 1684535816 7412,400000 -1,000000 -101,000000 0,000000 0,000000
118 1684535817 7412,400000 -1,000000 -101,000000 0,000000 0,000000
118 1684535818 7412,400000 -1,000000 -101,000000 0,000000 0,000000
118 1684535819 7412,400000 -1,000000 -101,000000 0,000000 0,000000
118 1684535820 14761,400000 -1,000000 -101,000000 0,000000 0,000000
118 1684535821 14761,400000 -1,000000 -101,000000 0,000000 0,000000
118 1684535822 14761,400000 -1,000000 -101,000000 0,000000 0,000000
118 1684535823 14761,400000 -1,000000 -101,000000 0,000000 0,000000
118 1684535824 14761,400000 -1,000000 -101,000000 0,000000 0,000000
118 1684535825 12031,000000 -1,000000 -101,000000 0,000000 0,000000
118 1684535826 12031,000000 -1,000000 -101,000000 0,000000 0,000000
118 1684535827 12031,000000 -1,000000 -101,000000 0,000000 0,000000
118 1684535828 12031,000000 -1,000000 -101,000000 0,000000 0,000000
118 1684535829 12031,000000 -1,000000 -101,000000 0,000000 0,000000
118 1684535830 16393,600000 -1,000000 -101,000000 0,000000 0,000000
118 1684535831 16393,600000 -1,000000 -101,000000 0,000000 0,000000
118 1684535832 16393,600000 -1,000000 -101,000000 0,000000 0,000000
118 1684535833 16393,600000 -1,000000 -101,000000 0,000000 0,000000
118 1684535834 16393,600000 -1,000000 -101,000000 0,000000 0,000000
118 1684535835 6117,600000 -1,000000 -101,000000 0,000000 0,000000
118 1684535836 6117,600000 -1,000000 -101,000000 0,000000 0,000000
118 1684535837 6117,600000 -1,000000 -101,000000 0,000000 0,000000
118 1684535838 6117,600000 -1,000000 -101,000000 0,000000 0,000000
118 1684535839 6117,600000 -1,000000 -101,000000 0,000000 0,000000
118 1684535840 21212,600000 -1,000000 -101,000000 0,000000 0,000000
118 1684535841 21212,600000 -1,000000 -101,000000 0,000000 0,000000
118 1684535842 21212,600000 -1,000000 -101,000000 0,000000 0,000000
118 1684535843 21212,600000 -1,000000 -101,000000 0,000000 0,000000
118 1684535844 21212,600000 -1,000000 -101,000000 0,000000 0,000000
118 1684535845 19083,000000 -1,000000 -101,000000 0,000000 0,000000
118 1684535846 19083,000000 -1,000000 -101,000000 0,000000 0,000000
118 1684535847 19083,000000 -1,000000 -101,000000 0,000000 0,000000
118 1684535848 19083,000000 -1,000000 -101,000000 0,000000 0,000000
118 1684535849 19083,000000 -1,000000 -101,000000 0,000000 0,000000
118 1684535850 17104,400000 -1,000000 -101,000000 0,000000 0,000000
118 1684535851 17104,400000 -1,000000 -101,000000 0,000000 0,000000
118 1684535852 17104,400000 -1,000000 -101,000000 0,000000 0,000000
118 1684535853 17104,400000 -1,000000 -101,000000 0,000000 0,000000
118 1684535854 17104,400000 -1,000000 -101,000000 0,000000 0,000000
118 1684535855 1398,000000 -1,000000 -101,000000 0,000000 0,000000
118 1684535856 1398,000000 -1,000000 -101,000000 0,000000 0,000000
118 1684535857 1398,000000 -1,000000 -101,000000 0,000000 0,000000
118 1684535858 1398,000000 -1,000000 -101,000000 0,000000 0,000000
118 1684535859 1398,000000 -1,000000 -101,000000 0,000000 0,000000
118 1684535860 11509,800000 -1,000000 -101,000000 0,000000 0,000000
118 1684535861 11509,800000 -1,000000 -101,000000 0,000000 0,000000
118 1684535862 11509,800000 -1,000000 -101,000000 0,000000 0,000000
118 1684535863 11509,800000 -1,000000 -101,000000 0,000000 0,000000
118 1684535864 11509,800000 -1,000000 -101,000000 0,000000 0,000000
118 1684535865 14759,400000 -1,000000 -101,000000 0,000000 0,000000
118 1684535866 14759,400000 -1,000000 -101,000000 0,000000 0,000000
118 1684535867 14759,400000 -1,000000 -101,000000 0,000000 0,000000
118 1684535868 14759,400000 -1,000000 -101,000000 0,000000 0,000000
118 1684535869 14759,400000 -1,000000 -101,000000 0,000000 0,000000
118 1684535870 23203,200000 -1,000000 -101,000000 0,000000 0,000000
118 1684535871 23203,200000 -1,000000 -101,000000 0,000000 0,000000
118 1684535872 23203,200000 -1,000000 -101,000000 0,000000 0,000000
118 1684535873 23203,200000 -1,000000 -101,000000 0,000000 0,000000
118 1684535874 23203,200000 -1,000000 -101,000000 0,000000 0,000000
118 1684535875 12117,000000 -1,000000 -101,000000 0,000000 0,000000
118 1684535876 12117,000000 -1,000000 -101,000000 0,000000 0,000000
118 1684535877 12117,000000 -1,000000 -101,000000 0,000000 0,000000
118 1684535878 12117,000000 -1,000000 -101,000000 0,000000 0,000000
118 1684535879 12117,000000 -1,000000 -101,000000 0,000000 0,000000
118 1684535880 22175,400000 -1,000000 -101,000000 0,000000 0,000000
118 1684535881 22175,400000 -1,000000 -101,000000 0,000000 0,000000
118 1684535882 22175,400000 -1,000000 -101,000000 0,000000 0,000000
118 1684535883 22175,400000 -1,000000 -101,000000 0,000000 0,000000
118 1684535884 22175,400000 -1,000000 -101,000000 0,000000 0,000000
118 1684535885 3351,800000 -1,000000 -101,000000 0,000000 0,000000
118 1684535886 3351,800000 -1,000000 -101,000000 0,000000 0,000000
118 1684535887 3351,800000 -1,000000 -101,000000 0,000000 0,000000
118 1684535888 3351,800000 -1,000000 -101,000000 0,000000 0,000000
118 1684535889 3351,800000 -1,000000 -101,000000 0,000000 0,000000
118 1684535890 18476,200000 -1,000000 -101,000000 0,000000 0,000000
118 1684535891 18476,200000 -1,000000 -101,000000 0,000000 0,000000
118 1684535892 18476,200000 -1,000000 -101,000000 0,000000 0,000000
118 1684535893 18476,200000 -1,000000 -101,000000 0,000000 0,000000
118 1684535894 18476,200000 -1,000000 -101,000000 0,000000 0,000000
118 1684535895 7727,800000 -1,000000 -101,000000 0,000000 0,000000
118 1684535896 7727,800000 -1,000000 -101,000000 0,000000 0,000000
118 1684535897 7727,800000 -1,000000 -101,000000 0,000000 0,000000
118 1684535898 7727,800000 -1,000000 -101,000000 0,000000 0,000000
118 1684535899 7727,800000 -1,000000 -101,000000 0,000000 0,000000
118 1684535900 21875,000000 -1,000000 -101,000000 0,000000 0,000000
118 1684535901 21875,000000 -1,000000 -101,000000 0,000000 0,000000
118 1684535902 21875,000000 -1,000000 -101,000000 0,000000 0,000000
118 1684535903 21875,000000 -1,000000 -101,000000 0,000000 0,000000
118 1684535904 21875,000000 -1,000000 -101,000000 0,000000 0,000000
118 1684535905 16558,600000 -1,000000 -101,000000 0,000000 0,000000
118 1684535906 16558,600000 -1,000000 -101,000000 0,000000 0,000000
118 1684535907 16558,600000 -1,000000 -101,000000 0,000000 0,000000
118 1684535908 16558,600000 -1,000000 -101,000000 0,000000 0,000000
118 1684535909 16558,600000 -1,000000 -101,000000 0,000000 0,000000
118 1684535910 16537,800000 -1,000000 -101,000000 0,000000 0,000000
118 1684535911 16537,800000 -1,000000 -101,000000 0,000000 0,000000
118 1684535912 16537,800000 -1,000000 -101,000000 0,000000 0,000000
118 1684535913 16537,800000 -1,000000 -101,000000 0,000000 0,000000
118 1684535914 16537,800000 -1,000000 -101,000000 0,000000 0,000000
118 1684535915 5920,800000 -1,000000 -101,000000 0,000000 0,000000
118 1684535916 5920,800000 -1,000000 -101,000000 0,000000 0,000000
118 1684535917 5920,800000 -1,000000 -101,000000 0,000000 0,000000
118 1684535918 5920,800000 -1,000000 -101,000000 0,000000 0,000000
118 1684535919 5920,800000 -1,000000 -101,000000 0,000000 0,000000
118 1684535920 24331,000000 -1,000000 -101,000000 0,000000 0,000000
118 1684535921 24331,000000 -1,000000 -101,000000 0,000000 0,000000
118 1684535922 24331,000000 -1,000000 -101,000000 0,000000 0,000000
118 1684535923 24331,000000 -1,000000 -101,000000 0,000000 0,000000
118 1684535924 24331,000000 -1,000000 -101,000000 0,000000 0,000000
118 1684535925 6701,400000 -1,000000 -101,000000 0,000000 0,000000
118 1684535926 6701,400000 -1,000000 -101,000000 0,000000 0,000000
118 1684535927 6701,400000 -1,000000 -101,000000 0,000000 0,000000
118 1684535928 6701,400000 -1,000000 -101,000000 0,000000 0,000000
118 1684535929 6701,400000 -1,000000 -101,000000 0,000000 0,000000
118 1684535930 15394,600000 -1,000000 -101,000000 0,000000 0,000000
118 1684535931 15394,600000 -1,000000 -101,000000 0,000000 0,000000
118 1684535932 15394,600000 -1,000000 -101,000000 0,000000 0,000000
118 1684535933 15394,600000 -1,000000 -101,000000 0,000000 0,000000
118 1684535934 15394,600000 -1,000000 -101,000000 0,000000 0,000000
118 1684535935 15339,200000 -1,000000 -101,000000 0,000000 0,000000
118 1684535936 15339,200000 -1,000000 -101,000000 0,000000 0,000000
118 1684535937 15339,200000 -1,000000 -101,000000 0,000000 0,000000
118 1684535938 15339,200000 -1,000000 -101,000000 0,000000 0,000000
118 1684535939 15339,200000 -1,000000 -101,000000 0,000000 0,000000
118 1684535940 23702,400000 -1,000000 -101,000000 0,000000 0,000000
118 1684535941 23702,400000 -1,000000 -101,000000 0,000000 0,000000
118 1684535942 23702,400000 -1,000000 -101,000000 0,000000 0,000000
118 1684535943 23702,400000 -1,000000 -101,000000 0,000000 0,000000
118 1684535944 23702,400000 -1,000000 -101,000000 0,000000 0,000000
118 1684535945 11262,800000 -1,000000 -101,000000 0,000000 0,000000
118 1684535946 11262,800000 -1,000000 -101,000000 0,000000 0,000000
118 1684535947 11262,800000 -1,000000 -101,000000 0,000000 0,000000
118 1684535948 11262,800000 -1,000000 -101,000000 0,000000 0,000000
118 1684535949 11262,800000 -1,000000 -101,000000 0,000000 0,000000
118 1684535950 15566,200000 -1,000000 -101,000000 0,000000 0,000000
118 1684535951 15566,200000 -1,000000 -101,000000 0,000000 0,000000
118 1684535952 15566,200000 -1,000000 -101,000000 0,000000 0,000000
118 1684535953 15566,200000 -1,000000 -101,000000 0,000000 0,000000
118 1684535954 15566,200000 -1,000000 -101,000000 0,000000 0,000000
118 1684535955 7032,600000 -1,000000 -101,000000 0,000000 0,000000
118 1684535956 7032,600000 -1,000000 -101,000000 0,000000 0,000000
118 1684535957 7032,600000 -1,000000 -101,000000 0,000000 0,000000
118 1684535958 7032,600000 -1,000000 -101,000000 0,000000 0,000000
118 1684535959 7032,600000 -1,000000 -101,000000 0,000000 0,000000
118 1684535960 18320,400000 -1,000000 -101,000000 0,000000 0,000000
118 1684535961 18320,400000 -1,000000 -101,000000 0,000000 0,000000
118 1684535962 18320,400000 -1,000000 -101,000000 0,000000 0,000000
118 1684535963 18320,400000 -1,000000 -101,000000 0,000000 0,000000
118 1684535964 18320,400000 -1,000000 -101,000000 0,000000 0,000000
118 1684535965 9232,400000 -1,000000 -101,000000 0,000000 0,000000
118 1684535966 9232,400000 -1,000000 -101,000000 0,000000 0,000000
118 1684535967 9232,400000 -1,000000 -101,000000 0,000000 0,000000
118 1684535968 9232,400000 -1,000000 -101,000000 0,000000 0,000000
118 1684535969 9232,400000 -1,000000 -101,000000 0,000000 0,000000
118 1684535970 20699,800000 -1,000000 -101,000000 0,000000 0,000000
118 1684535971 20699,800000 -1,000000 -101,000000 0,000000 0,000000
118 1684535972 20699,800000 -1,000000 -101,000000 0,000000 0,000000
118 1684535973 20699,800000 -1,000000 -101,000000 0,000000 0,000000
118 1684535974 20699,800000 -1,000000 -101,000000 0,000000 0,000000
118 1684535975 7398,400000 -1,000000 -101,000000 0,000000 0,000000
118 1684535976 7398,400000 -1,000000 -101,000000 0,000000 0,000000
118 1684535977 7398,400000 -1,000000 -101,000000 0,000000 0,000000
118 1684535978 7398,400000 -1,000000 -101,000000 0,000000 0,000000
118 1684535979 7398,400000 -1,000000 -101,000000 0,000000 0,000000
118 1684535980 15094,000000 -1,000000 -101,000000 0,000000 0,000000
118 1684535981 15094,000000 -1,000000 -101,000000 0,000000 0,000000
118 1684535982 15094,000000 -1,000000 -101,000000 0,000000 0,000000
118 1684535983 15094,000000 -1,000000 -101,000000 0,000000 0,000000
118 1684535984 15094,000000 -1,000000 -101,000000 0,000000 0,000000
118 1684535985 6540,600000 -1,000000 -101,000000 0,000000 0,000000
118 1684535986 6540,600000 -1,000000 -101,000000 0,000000 0,000000
118 1684535987 6540,600000 -1,000000 -101,000000 0,000000 0,000000
118 1684535988 6540,600000 -1,000000 -101,000000 0,000000 0,000000
118 1684535989 6540,600000 -1,000000 -101,000000 0,000000 0,000000
118 1684535990 33057,000000 -1,000000 -101,000000 0,000000 0,000000
118 1684535991 33057,000000 -1,000000 -101,000000 0,000000 0,000000
118 1684535992 33057,000000 -1,000000 -101,000000 0,000000 0,000000
118 1684535993 33057,000000 -1,000000 -101,000000 0,000000 0,000000
118 1684535994 33057,000000 -1,000000 -101,000000 0,000000 0,000000
118 1684535995 11691,000000 -1,000000 -101,000000 0,000000 0,000000
118 1684535996 11691,000000 -1,000000 -101,000000 0,000000 0,000000
118 1684535997 11691,000000 -1,000000 -101,000000 0,000000 0,000000
118 1684535998 11691,000000 -1,000000 -101,000000 0,000000 0,000000
118 1684535999 11691,000000 -1,000000 -101,000000 0,000000 0,000000
118 1684536000 17177,000000 -1,000000 -101,000000 0,000000 0,000000
118 1684536001 17177,000000 -1,000000 -101,000000 0,000000 0,000000
118 1684536002 17177,000000 -1,000000 -101,000000 0,000000 0,000000
118 1684536003 17177,000000 -1,000000 -101,000000 0,000000 0,000000
118 1684536004 17177,000000 -1,000000 -101,000000 0,000000 0,000000
118 1684536005 12573,400000 -1,000000 -101,000000 0,000000 0,000000
118 1684536006 12573,400000 -1,000000 -101,000000 0,000000 0,000000
118 1684536007 12573,400000 -1,000000 -101,000000 0,000000 0,000000
118 1684536008 12573,400000 -1,000000 -101,000000 0,000000 0,000000
118 1684536009 12573,400000 -1,000000 -101,000000 0,000000 0,000000
118 1684536010 20097,400000 -1,000000 -101,000000 0,000000 0,000000
118 1684536011 20097,400000 -1,000000 -101,000000 0,000000 0,000000
118 1684536012 20097,400000 -1,000000 -101,000000 0,000000 0,000000
118 1684536013 20097,400000 -1,000000 -101,000000 0,000000 0,000000
118 1684536014 20097,400000 -1,000000 -101,000000 0,000000 0,000000
118 1684536015 12218,800000 -1,000000 -101,000000 0,000000 0,000000
118 1684536016 12218,800000 -1,000000 -101,000000 0,000000 0,000000
118 1684536017 12218,800000 -1,000000 -101,000000 0,000000 0,000000
118 1684536018 12218,800000 -1,000000 -101,000000 0,000000 0,000000
118 1684536019 12218,800000 -1,000000 -101,000000 0,000000 0,000000
118 1684536020 27845,800000 -1,000000 -101,000000 0,000000 0,000000
118 1684536021 27845,800000 -1,000000 -101,000000 0,000000 0,000000
118 1684536022 27845,800000 -1,000000 -101,000000 0,000000 0,000000
118 1684536023 27845,800000 -1,000000 -101,000000 0,000000 0,000000
118 1684536024 27845,800000 -1,000000 -101,000000 0,000000 0,000000
118 1684536025 9631,400000 -1,000000 -101,000000 0,000000 0,000000
118 1684536026 9631,400000 -1,000000 -101,000000 0,000000 0,000000
118 1684536027 9631,400000 -1,000000 -101,000000 0,000000 0,000000
118 1684536028 9631,400000 -1,000000 -101,000000 0,000000 0,000000
118 1684536029 9631,400000 -1,000000 -101,000000 0,000000 0,000000
118 1684536030 22271,000000 -1,000000 -101,000000 0,000000 0,000000
118 1684536031 22271,000000 -1,000000 -101,000000 0,000000 0,000000
118 1684536032 22271,000000 -1,000000 -101,000000 0,000000 0,000000
118 1684536033 22271,000000 -1,000000 -101,000000 0,000000 0,000000
118 1684536034 22271,000000 -1,000000 -101,000000 0,000000 0,000000
118 1684536035 10634,000000 -1,000000 -101,000000 0,000000 0,000000
118 1684536036 10634,000000 -1,000000 -101,000000 0,000000 0,000000
118 1684536037 10634,000000 -1,000000 -101,000000 0,000000 0,000000
118 1684536038 10634,000000 -1,000000 -101,000000 0,000000 0,000000
118 1684536039 10634,000000 -1,000000 -101,000000 0,000000 0,000000
118 1684536040 17109,000000 -1,000000 -101,000000 0,000000 0,000000
118 1684536041 17109,000000 -1,000000 -101,000000 0,000000 0,000000
118 1684536042 17109,000000 -1,000000 -101,000000 0,000000 0,000000
118 1684536043 17109,000000 -1,000000 -101,000000 0,000000 0,000000
118 1684536044 17109,000000 -1,000000 -101,000000 0,000000 0,000000
118 1684536045 9790,000000 -1,000000 -101,000000 0,000000 0,000000
118 1684536046 9790,000000 -1,000000 -101,000000 0,000000 0,000000
118 1684536047 9790,000000 -1,000000 -101,000000 0,000000 0,000000
118 1684536048 9790,000000 -1,000000 -101,000000 0,000000 0,000000
118 1684536049 9790,000000 -1,000000 -101,000000 0,000000 0,000000
118 1684536050 14171,200000 -1,000000 -101,000000 0,000000 0,000000
118 1684536051 14171,200000 -1,000000 -101,000000 0,000000 0,000000
118 1684536052 14171,200000 -1,000000 -101,000000 0,000000 0,000000
118 1684536053 14171,200000 -1,000000 -101,000000 0,000000 0,000000
118 1684536054 14171,200000 -1,000000 -101,000000 0,000000 0,000000
118 1684536055 3959,000000 -1,000000 -101,000000 0,000000 0,000000
118 1684536056 3959,000000 -1,000000 -101,000000 0,000000 0,000000
118 1684536057 3959,000000 -1,000000 -101,000000 0,000000 0,000000
118 1684536058 3959,000000 -1,000000 -101,000000 0,000000 0,000000
118 1684536059 3959,000000 -1,000000 -101,000000 0,000000 0,000000
118 1684536060 17426,600000 -1,000000 -101,000000 0,000000 0,000000
118 1684536061 17426,600000 -1,000000 -101,000000 0,000000 0,000000
118 1684536062 17426,600000 -1,000000 -101,000000 0,000000 0,000000
118 1684536063 17426,600000 -1,000000 -101,000000 0,000000 0,000000
118 1684536064 17426,600000 -1,000000 -101,000000 0,000000 0,000000
118 1684536065 18080,800000 -1,000000 -101,000000 0,000000 0,000000
118 1684536066 18080,800000 -1,000000 -101,000000 0,000000 0,000000
118 1684536067 18080,800000 -1,000000 -101,000000 0,000000 0,000000
118 1684536068 18080,800000 -1,000000 -101,000000 0,000000 0,000000
118 1684536069 18080,800000 -1,000000 -101,000000 0,000000 0,000000
118 1684536070 21407,400000 -1,000000 -101,000000 0,000000 0,000000
118 1684536071 21407,400000 -1,000000 -101,000000 0,000000 0,000000
118 1684536072 21407,400000 -1,000000 -101,000000 0,000000 0,000000
118 1684536073 21407,400000 -1,000000 -101,000000 0,000000 0,000000
118 1684536074 21407,400000 -1,000000 -101,000000 0,000000 0,000000
118 1684536075 3325,800000 -1,000000 -101,000000 0,000000 0,000000
118 1684536076 3325,800000 -1,000000 -101,000000 0,000000 0,000000
118 1684536077 3325,800000 -1,000000 -101,000000 0,000000 0,000000
118 1684536078 3325,800000 -1,000000 -101,000000 0,000000 0,000000
118 1684536079 3325,800000 -1,000000 -101,000000 0,000000 0,000000
118 1684536080 17950,400000 -1,000000 -101,000000 0,000000 0,000000
118 1684536081 17950,400000 -1,000000 -101,000000 0,000000 0,000000
118 1684536082 17950,400000 -1,000000 -101,000000 0,000000 0,000000
118 1684536083 17950,400000 -1,000000 -101,000000 0,000000 0,000000
118 1684536084 17950,400000 -1,000000 -101,000000 0,000000 0,000000
118 1684536085 10529,000000 -1,000000 -101,000000 0,000000 0,000000
118 1684536086 10529,000000 -1,000000 -101,000000 0,000000 0,000000
118 1684536087 10529,000000 -1,000000 -101,000000 0,000000 0,000000
118 1684536088 10529,000000 -1,000000 -101,000000 0,000000 0,000000
118 1684536089 10529,000000 -1,000000 -101,000000 0,000000 0,000000
118 1684536090 17174,400000 -1,000000 -101,000000 0,000000 0,000000
118 1684536091 17174,400000 -1,000000 -101,000000 0,000000 0,000000
118 1684536092 17174,400000 -1,000000 -101,000000 0,000000 0,000000
118 1684536093 17174,400000 -1,000000 -101,000000 0,000000 0,000000
118 1684536094 17174,400000 -1,000000 -101,000000 0,000000 0,000000
118 1684536095 7558,200000 -1,000000 -101,000000 0,000000 0,000000
118 1684536096 7558,200000 -1,000000 -101,000000 0,000000 0,000000
118 1684536097 7558,200000 -1,000000 -101,000000 0,000000 0,000000
118 1684536098 7558,200000 -1,000000 -101,000000 0,000000 0,000000
118 1684536099 7558,200000 -1,000000 -101,000000 0,000000 0,000000
118 1684536100 24504,400000 -1,000000 -101,000000 0,000000 0,000000
118 1684536101 24504,400000 -1,000000 -101,000000 0,000000 0,000000
118 1684536102 24504,400000 -1,000000 -101,000000 0,000000 0,000000
118 1684536103 24504,400000 -1,000000 -101,000000 0,000000 0,000000
118 1684536104 24504,400000 -1,000000 -101,000000 0,000000 0,000000
118 1684536105 16899,800000 -1,000000 -101,000000 0,000000 0,000000
118 1684536106 16899,800000 -1,000000 -101,000000 0,000000 0,000000
118 1684536107 16899,800000 -1,000000 -101,000000 0,000000 0,000000
118 1684536108 16899,800000 -1,000000 -101,000000 0,000000 0,000000
118 1684536109 16899,800000 -1,000000 -101,000000 0,000000 0,000000
118 1684536110 19173,600000 -1,000000 -101,000000 0,000000 0,000000
118 1684536111 19173,600000 -1,000000 -101,000000 0,000000 0,000000
118 1684536112 19173,600000 -1,000000 -101,000000 0,000000 0,000000
118 1684536113 19173,600000 -1,000000 -101,000000 0,000000 0,000000
118 1684536114 19173,600000 -1,000000 -101,000000 0,000000 0,000000
