123 1684534806 0,000000 0,000000 -101,000000 0,000000 0,000000
123 1684534807 0,000000 0,000000 -101,000000 0,000000 0,000000
123 1684534808 0,000000 0,000000 -101,000000 0,000000 0,000000
123 1684534809 0,000000 0,000000 -101,000000 0,000000 0,000000
123 1684534810 4,000000 0,200000 0,800000 0,800000 -20,200000
123 1684534811 4,000000 0,200000 1,600000 1,600000 -20,200000
123 1684534812 4,000000 0,200000 2,400000 2,400000 -20,200000
123 1684534813 4,000000 0,200000 3,200000 3,200000 -20,200000
123 1684534814 4,000000 0,200000 4,000000 4,000000 -20,200000
123 1684534815 0,500000 0,800000 4,400000 4,400000 -20,200000
123 1684534816 0,500000 0,800000 4,800000 4,800000 -20,200000
123 1684534817 0,500000 0,800000 5,200000 5,200000 -20,200000
123 1684534818 0,500000 0,800000 5,600000 5,600000 -20,200000
123 1684534819 0,500000 0,800000 6,000000 6,000000 -20,200000
123 1684534820 1,000000 1,400000 7,400000 7,400000 -20,200000
123 1684534821 1,000000 1,400000 8,800000 8,800000 -20,200000
123 1684534822 1,000000 1,400000 10,200000 10,200000 -20,200000
123 1684534823 1,000000 1,400000 11,600000 11,600000 -20,200000
123 1684534824 1,000000 1,400000 13,000000 13,000000 -20,200000
123 1684534825 0,363636 2,200000 13,800000 13,800000 -20,200000
123 1684534826 0,363636 2,200000 14,600000 14,600000 -20,200000
123 1684534827 0,363636 2,200000 15,400000 15,400000 -20,200000
123 1684534828 0,363636 2,200000 16,200000 16,200000 -20,200000
123 1684534829 0,363636 2,200000 17,000000 17,000000 -20,200000
123 1684534830 0,461538 2,600000 18,200000 18,200000 -20,200000
123 1684534831 0,461538 2,600000 19,400000 19,400000 -20,200000
123 1684534832 0,461538 2,600000 20,600000 20,600000 -20,200000
123 1684534833 0,461538 2,600000 21,800000 21,800000 -20,200000
123 1684534834 0,461538 2,600000 23,000000 23,000000 -20,200000
123 1684534835 0,266667 3,000000 23,800000 23,800000 -20,200000
123 1684534836 0,266667 3,000000 24,600000 24,600000 -20,200000
123 1684534837 0,266667 3,000000 25,400000 25,400000 -20,200000
123 1684534838 0,266667 3,000000 26,200000 26,200000 -20,200000
123 1684534839 0,266667 3,000000 27,000000 27,000000 -20,200000
123 1684534840 0,380952 4,200000 28,600000 28,600000 -20,200000
123 1684534841 0,380952 4,200000 30,200000 30,200000 -20,200000
123 1684534842 0,380952 4,200000 31,800000 31,800000 -20,200000
123 1684534843 0,380952 4,200000 33,400000 33,400000 -20,200000
123 1684534844 0,380952 4,200000 35,000000 35,000000 -20,200000
123 1684534845 -0,038462 5,200000 34,800000 34,800000 -20,200000
123 1684534846 -0,038462 5,200000 34,600000 34,600000 -20,200000
123 1684534847 -0,038462 5,200000 34,400000 34,400000 -20,200000
123 1684534848 -0,038462 5,200000 34,200000 34,200000 -20,200000
123 1684534849 -0,038462 5,200000 34,000000 34,000000 -20,200000
123 1684534850 0,214286 5,600000 35,200000 35,200000 -20,200000
123 1684534851 0,214286 5,600000 36,400000 36,400000 -20,200000
123 1684534852 0,214286 5,600000 37,600000 37,600000 -20,200000
123 1684534853 0,214286 5,600000 38,800000 38,800000 -20,200000
123 1684534854 0,214286 5,600000 40,000000 40,000000 -20,200000
123 1684534855 0,131579 7,600000 41,000000 41,000000 -20,200000
123 1684534856 0,131579 7,600000 42,000000 42,000000 -20,200000
123 1684534857 0,131579 7,600000 43,000000 43,000000 -20,200000
123 1684534858 0,131579 7,600000 44,000000 44,000000 -20,200000
123 1684534859 0,131579 7,600000 45,000000 45,000000 -20,200000
123 1684534860 0,050000 8,000000 45,400000 45,400000 -20,200000
123 1684534861 0,050000 8,000000 45,800000 45,800000 -20,200000
123 1684534862 0,050000 8,000000 46,200000 46,200000 -20,200000
123 1684534863 0,050000 8,000000 46,600000 46,600000 -20,200000
123 1684534864 0,050000 8,000000 47,000000 47,000000 -20,200000
123 1684534865 -0,090909 8,800000 46,200000 46,200000 -20,200000
123 1684534866 -0,090909 8,800000 45,400000 45,400000 -20,200000
123 1684534867 -0,090909 8,800000 44,600000 44,600000 -20,200000
123 1684534868 -0,090909 8,800000 43,800000 43,800000 -20,200000
123 1684534869 -0,090909 8,800000 43,000000 43,000000 -20,200000
123 1684534870 0,086957 9,200000 43,800000 43,800000 -20,200000
123 1684534871 0,086957 9,200000 44,600000 44,600000 -20,200000
123 1684534872 0,086957 9,200000 45,400000 45,400000 -20,200000
123 1684534873 0,086957 9,200000 46,200000 46,200000 -20,200000
123 1684534874 0,086957 9,200000 47,000000 47,000000 -20,200000
123 1684534875 -0,038462 10,400000 46,600000 46,600000 -20,200000
123 1684534876 -0,038462 10,400000 46,200000 46,200000 -20,200000
123 1684534877 -0,038462 10,400000 45,800000 45,800000 -20,200000
123 1684534878 -0,038462 10,400000 45,400000 45,400000 -20,200000
123 1684534879 -0,038462 10,400000 45,000000 45,000000 -20,200000
123 1684534880 0,035714 11,200000 45,400000 45,400000 -20,200000
123 1684534881 0,035714 11,200000 45,800000 45,800000 -20,200000
123 1684534882 0,035714 11,200000 46,200000 46,200000 -20,200000
123 1684534883 0,035714 11,200000 46,600000 46,600000 -20,200000
123 1684534884 0,035714 11,200000 47,000000 47,000000 -20,200000
123 1684534885 -0,095238 12,600000 45,800000 45,800000 -20,200000
123 1684534886 -0,095238 12,600000 44,600000 44,600000 -20,200000
123 1684534887 -0,095238 12,600000 43,400000 43,400000 -20,200000
123 1684534888 -0,095238 12,600000 42,200000 42,200000 -20,200000
123 1684534889 -0,095238 12,600000 41,000000 41,000000 -20,200000
123 1684534890 0,030303 13,200000 41,400000 41,400000 -20,200000
123 1684534891 0,030303 13,200000 41,800000 41,800000 -20,200000
123 1684534892 0,030303 13,200000 42,200000 42,200000 -20,200000
123 1684534893 0,030303 13,200000 42,600000 42,600000 -20,200000
123 1684534894 0,030303 13,200000 43,000000 43,000000 -20,200000
123 1684534895 0,000000 13,800000 43,000000 43,000000 -20,200000
123 1684534896 0,000000 13,800000 43,000000 43,000000 -20,200000
123 1684534897 0,000000 13,800000 43,000000 43,000000 -20,200000
123 1684534898 0,000000 13,800000 43,000000 43,000000 -20,200000
123 1684534899 0,000000 13,800000 43,000000 43,000000 -20,200000
123 1684534900 0,014286 14,000000 43,200000 43,200000 -20,200000
123 1684534901 0,014286 14,000000 43,400000 43,400000 -20,200000
123 1684534902 0,014286 14,000000 43,600000 43,600000 -20,200000
123 1684534903 0,014286 14,000000 43,800000 43,800000 -20,200000
123 1684534904 0,014286 14,000000 44,000000 44,000000 -20,200000
123 1684534905 0,040000 15,000000 44,600000 44,600000 -20,200000
123 1684534906 0,040000 15,000000 45,200000 45,200000 -20,200000
123 1684534907 0,040000 15,000000 45,800000 45,800000 -20,200000
123 1684534908 0,040000 15,000000 46,400000 46,400000 -20,200000
123 1684534909 0,040000 15,000000 47,000000 47,000000 -20,200000
123 1684534910 0,000000 16,600000 47,000000 47,000000 -20,200000
123 1684534911 0,000000 16,600000 47,000000 47,000000 -20,200000
123 1684534912 0,000000 16,600000 47,000000 47,000000 -20,200000
123 1684534913 0,000000 16,600000 47,000000 47,000000 -20,200000
123 1684534914 0,000000 16,600000 47,000000 47,000000 -20,200000
123 1684534915 -0,023256 17,200000 46,600000 46,600000 -20,200000
123 1684534916 -0,023256 17,200000 46,200000 46,200000 -20,200000
123 1684534917 -0,023256 17,200000 45,800000 45,800000 -20,200000
123 1684534918 -0,023256 17,200000 45,400000 45,400000 -20,200000
123 1684534919 -0,023256 17,200000 45,000000 45,000000 -20,200000
123 1684534920 0,000000 17,800000 45,000000 45,000000 -20,200000
123 1684534921 0,000000 17,800000 45,000000 45,000000 -20,200000
123 1684534922 0,000000 17,800000 45,000000 45,000000 -20,200000
123 1684534923 0,000000 17,800000 45,000000 45,000000 -20,200000
123 1684534924 0,000000 17,800000 45,000000 45,000000 -20,200000
123 1684534925 -0,010638 18,800000 44,800000 44,800000 -20,200000
123 1684534926 -0,010638 18,800000 44,600000 44,600000 -20,200000
123 1684534927 -0,010638 18,800000 44,400000 44,400000 -20,200000
123 1684534928 -0,010638 18,800000 44,200000 44,200000 -20,200000
123 1684534929 -0,010638 18,800000 44,000000 44,000000 -20,200000
123 1684534930 0,040816 19,600000 44,800000 44,800000 -20,200000
123 1684534931 0,040816 19,600000 45,600000 45,600000 -20,200000
123 1684534932 0,040816 19,600000 46,400000 46,400000 -20,200000
123 1684534933 0,040816 19,600000 47,200000 47,200000 -20,200000
123 1684534934 0,040816 19,600000 48,000000 48,000000 -20,200000
123 1684534935 -0,019231 20,800000 47,600000 47,600000 -20,200000
123 1684534936 -0,019231 20,800000 47,200000 47,200000 -20,200000
123 1684534937 -0,019231 20,800000 46,800000 46,800000 -20,200000
123 1684534938 -0,019231 20,800000 46,400000 46,400000 -20,200000
123 1684534939 -0,019231 20,800000 46,000000 46,000000 -20,200000
123 1684534940 -0,009174 21,800000 45,800000 45,800000 -20,200000
123 1684534941 -0,009174 21,800000 45,600000 45,600000 -20,200000
123 1684534942 -0,009174 21,800000 45,400000 45,400000 -20,200000
123 1684534943 -0,009174 21,800000 45,200000 45,200000 -20,200000
123 1684534944 -0,009174 21,800000 45,000000 45,000000 -20,200000
123 1684534945 -0,008696 23,000000 44,800000 44,800000 -20,200000
123 1684534946 -0,008696 23,000000 44,600000 44,600000 -20,200000
123 1684534947 -0,008696 23,000000 44,400000 44,400000 -20,200000
123 1684534948 -0,008696 23,000000 44,200000 44,200000 -20,200000
123 1684534949 -0,008696 23,000000 44,000000 44,000000 -20,200000
123 1684534950 0,000000 23,600000 44,000000 44,000000 -20,200000
123 1684534951 0,000000 23,600000 44,000000 44,000000 -20,200000
123 1684534952 0,000000 23,600000 44,000000 44,000000 -20,200000
123 1684534953 0,000000 23,600000 44,000000 44,000000 -20,200000
123 1684534954 0,000000 23,600000 44,000000 44,000000 -20,200000
123 1684534955 0,000000 24,400000 44,000000 44,000000 -20,200000
123 1684534956 0,000000 24,400000 44,000000 44,000000 -20,200000
123 1684534957 0,000000 24,400000 44,000000 44,000000 -20,200000
123 1684534958 0,000000 24,400000 44,000000 44,000000 -20,200000
123 1684534959 0,000000 24,400000 44,000000 44,000000 -20,200000
123 1684534960 -0,023810 25,200000 43,400000 43,400000 -20,200000
123 1684534961 -0,023810 25,200000 42,800000 42,800000 -20,200000
123 1684534962 -0,023810 25,200000 42,200000 42,200000 -20,200000
123 1684534963 -0,023810 25,200000 41,600000 41,600000 -20,200000
123 1684534964 -0,023810 25,200000 41,000000 41,000000 -20,200000
123 1684534965 0,007692 26,000000 41,200000 41,200000 -20,200000
123 1684534966 0,007692 26,000000 41,400000 41,400000 -20,200000
123 1684534967 0,007692 26,000000 41,600000 41,600000 -20,200000
123 1684534968 0,007692 26,000000 41,800000 41,800000 -20,200000
123 1684534969 0,007692 26,000000 42,000000 42,000000 -20,200000
123 1684534970 0,022388 26,800000 42,600000 42,600000 -20,200000
123 1684534971 0,022388 26,800000 43,200000 43,200000 -20,200000
123 1684534972 0,022388 26,800000 43,800000 43,800000 -20,200000
123 1684534973 0,022388 26,800000 44,400000 44,400000 -20,200000
123 1684534974 0,022388 26,800000 45,000000 45,000000 -20,200000
123 1684534975 0,007092 28,200000 45,200000 45,200000 -20,200000
123 1684534976 0,007092 28,200000 45,400000 45,400000 -20,200000
123 1684534977 0,007092 28,200000 45,600000 45,600000 -20,200000
123 1684534978 0,007092 28,200000 45,800000 45,800000 -20,200000
123 1684534979 0,007092 28,200000 46,000000 46,000000 -20,200000
123 1684534980 -0,013793 29,000000 45,600000 45,600000 -20,200000
123 1684534981 -0,013793 29,000000 45,200000 45,200000 -20,200000
123 1684534982 -0,013793 29,000000 44,800000 44,800000 -20,200000
123 1684534983 -0,013793 29,000000 44,400000 44,400000 -20,200000
123 1684534984 -0,013793 29,000000 44,000000 44,000000 -20,200000
123 1684534985 -0,013245 30,200000 43,600000 43,600000 -20,200000
123 1684534986 -0,013245 30,200000 43,200000 43,200000 -20,200000
123 1684534987 -0,013245 30,200000 42,800000 42,800000 -20,200000
123 1684534988 -0,013245 30,200000 42,400000 42,400000 -20,200000
123 1684534989 -0,013245 30,200000 42,000000 42,000000 -20,200000
123 1684534990 0,006579 30,400000 42,200000 42,200000 -20,200000
123 1684534991 0,006579 30,400000 42,400000 42,400000 -20,200000
123 1684534992 0,006579 30,400000 42,600000 42,600000 -20,200000
123 1684534993 0,006579 30,400000 42,800000 42,800000 -20,200000
123 1684534994 0,006579 30,400000 43,000000 43,000000 -20,200000
123 1684534995 -0,012903 31,000000 42,600000 42,600000 -20,200000
123 1684534996 -0,012903 31,000000 42,200000 42,200000 -20,200000
123 1684534997 -0,012903 31,000000 41,800000 41,800000 -20,200000
123 1684534998 -0,012903 31,000000 41,400000 41,400000 -20,200000
123 1684534999 -0,012903 31,000000 41,000000 41,000000 -20,200000
123 1684535000 0,025000 32,000000 41,800000 41,800000 -20,200000
123 1684535001 0,025000 32,000000 42,600000 42,600000 -20,200000
123 1684535002 0,025000 32,000000 43,400000 43,400000 -20,200000
123 1684535003 0,025000 32,000000 44,200000 44,200000 -20,200000
123 1684535004 0,025000 32,000000 45,000000 45,000000 -20,200000
123 1684535005 -0,029940 33,400000 44,000000 44,000000 -20,200000
123 1684535006 -0,029940 33,400000 43,000000 43,000000 -20,200000
123 1684535007 -0,029940 33,400000 42,000000 42,000000 -20,200000
123 1684535008 -0,029940 33,400000 41,000000 41,000000 -20,200000
123 1684535009 -0,029940 33,400000 40,000000 40,000000 -20,200000
123 1684535010 0,017751 33,800000 40,600000 40,600000 -20,200000
123 1684535011 0,017751 33,800000 41,200000 41,200000 -20,200000
123 1684535012 0,017751 33,800000 41,800000 41,800000 -20,200000
123 1684535013 0,017751 33,800000 42,400000 42,400000 -20,200000
123 1684535014 0,017751 33,800000 43,000000 43,000000 -20,200000
123 1684535015 -0,011494 34,800000 42,600000 42,600000 -20,200000
123 1684535016 -0,011494 34,800000 42,200000 42,200000 -20,200000
123 1684535017 -0,011494 34,800000 41,800000 41,800000 -20,200000
123 1684535018 -0,011494 34,800000 41,400000 41,400000 -20,200000
123 1684535019 -0,011494 34,800000 41,000000 41,000000 -20,200000
123 1684535020 0,016949 35,400000 41,600000 41,600000 -20,200000
123 1684535021 0,016949 35,400000 42,200000 42,200000 -20,200000
123 1684535022 0,016949 35,400000 42,800000 42,800000 -20,200000
123 1684535023 0,016949 35,400000 43,400000 43,400000 -20,200000
123 1684535024 0,016949 35,400000 44,000000 44,000000 -20,200000
123 1684535025 0,000000 36,200000 44,000000 44,000000 -20,200000
123 1684535026 0,000000 36,200000 44,000000 44,000000 -20,200000
123 1684535027 0,000000 36,200000 44,000000 44,000000 -20,200000
123 1684535028 0,000000 36,200000 44,000000 44,000000 -20,200000
123 1684535029 0,000000 36,200000 44,000000 44,000000 -20,200000
123 1684535030 0,005348 37,400000 44,200000 44,200000 -20,200000
123 1684535031 0,005348 37,400000 44,400000 44,400000 -20,200000
123 1684535032 0,005348 37,400000 44,600000 44,600000 -20,200000
123 1684535033 0,005348 37,400000 44,800000 44,800000 -20,200000
123 1684535034 0,005348 37,400000 45,000000 45,000000 -20,200000
123 1684535035 0,005181 38,600000 45,200000 45,200000 -20,200000
123 1684535036 0,005181 38,600000 45,400000 45,400000 -20,200000
123 1684535037 0,005181 38,600000 45,600000 45,600000 -20,200000
123 1684535038 0,005181 38,600000 45,800000 45,800000 -20,200000
123 1684535039 0,005181 38,600000 46,000000 46,000000 -20,200000
123 1684535040 -0,005102 39,200000 45,800000 45,800000 -20,200000
123 1684535041 -0,005102 39,200000 45,600000 45,600000 -20,200000
123 1684535042 -0,005102 39,200000 45,400000 45,400000 -20,200000
123 1684535043 -0,005102 39,200000 45,200000 45,200000 -20,200000
123 1684535044 -0,005102 39,200000 45,000000 45,000000 -20,200000
123 1684535045 -0,014925 40,200000 44,400000 44,400000 -20,200000
123 1684535046 -0,014925 40,200000 43,800000 43,800000 -20,200000
123 1684535047 -0,014925 40,200000 43,200000 43,200000 -20,200000
123 1684535048 -0,014925 40,200000 42,600000 42,600000 -20,200000
123 1684535049 -0,014925 40,200000 42,000000 42,000000 -20,200000
123 1684535050 0,019704 40,600000 42,800000 42,800000 -20,200000
123 1684535051 0,019704 40,600000 43,600000 43,600000 -20,200000
123 1684535052 0,019704 40,600000 44,400000 44,400000 -20,200000
123 1684535053 0,019704 40,600000 45,200000 45,200000 -20,200000
123 1684535054 0,019704 40,600000 46,000000 46,000000 -20,200000
123 1684535055 -0,023585 42,400000 45,000000 45,000000 -20,200000
123 1684535056 -0,023585 42,400000 44,000000 44,000000 -20,200000
123 1684535057 -0,023585 42,400000 43,000000 43,000000 -20,200000
123 1684535058 -0,023585 42,400000 42,000000 42,000000 -20,200000
123 1684535059 -0,023585 42,400000 41,000000 41,000000 -20,200000
123 1684535060 0,004695 42,600000 41,200000 41,200000 -20,200000
123 1684535061 0,004695 42,600000 41,400000 41,400000 -20,200000
123 1684535062 0,004695 42,600000 41,600000 41,600000 -20,200000
123 1684535063 0,004695 42,600000 41,800000 41,800000 -20,200000
123 1684535064 0,004695 42,600000 42,000000 42,000000 -20,200000
123 1684535065 0,009217 43,400000 42,400000 42,400000 -20,200000
123 1684535066 0,009217 43,400000 42,800000 42,800000 -20,200000
123 1684535067 0,009217 43,400000 43,200000 43,200000 -20,200000
123 1684535068 0,009217 43,400000 43,600000 43,600000 -20,200000
123 1684535069 0,009217 43,400000 44,000000 44,000000 -20,200000
123 1684535070 0,008969 44,600000 44,400000 44,400000 -20,200000
123 1684535071 0,008969 44,600000 44,800000 44,800000 -20,200000
123 1684535072 0,008969 44,600000 45,200000 45,200000 -20,200000
123 1684535073 0,008969 44,600000 45,600000 45,600000 -20,200000
123 1684535074 0,008969 44,600000 46,000000 46,000000 -20,200000
123 1684535075 -0,004405 45,400000 45,800000 45,800000 -20,200000
123 1684535076 -0,004405 45,400000 45,600000 45,600000 -20,200000
123 1684535077 -0,004405 45,400000 45,400000 45,400000 -20,200000
123 1684535078 -0,004405 45,400000 45,200000 45,200000 -20,200000
123 1684535079 -0,004405 45,400000 45,000000 45,000000 -20,200000
123 1684535080 -0,008621 46,400000 44,600000 44,600000 -20,200000
123 1684535081 -0,008621 46,400000 44,200000 44,200000 -20,200000
123 1684535082 -0,008621 46,400000 43,800000 43,800000 -20,200000
123 1684535083 -0,008621 46,400000 43,400000 43,400000 -20,200000
123 1684535084 -0,008621 46,400000 43,000000 43,000000 -20,200000
123 1684535085 -0,004219 47,400000 42,800000 42,800000 -20,200000
123 1684535086 -0,004219 47,400000 42,600000 42,600000 -20,200000
123 1684535087 -0,004219 47,400000 42,400000 42,400000 -20,200000
123 1684535088 -0,004219 47,400000 42,200000 42,200000 -20,200000
123 1684535089 -0,004219 47,400000 42,000000 42,000000 -20,200000
123 1684535090 0,004167 48,000000 42,200000 42,200000 -20,200000
123 1684535091 0,004167 48,000000 42,400000 42,400000 -20,200000
123 1684535092 0,004167 48,000000 42,600000 42,600000 -20,200000
123 1684535093 0,004167 48,000000 42,800000 42,800000 -20,200000
123 1684535094 0,004167 48,000000 43,000000 43,000000 -20,200000
123 1684535095 0,008163 49,000000 43,400000 43,400000 -20,200000
123 1684535096 0,008163 49,000000 43,800000 43,800000 -20,200000
123 1684535097 0,008163 49,000000 44,200000 44,200000 -20,200000
123 1684535098 0,008163 49,000000 44,600000 44,600000 -20,200000
123 1684535099 0,008163 49,000000 45,000000 45,000000 -20,200000
123 1684535100 0,000000 49,600000 45,000000 45,000000 -20,200000
123 1684535101 0,000000 49,600000 45,000000 45,000000 -20,200000
123 1684535102 0,000000 49,600000 45,000000 45,000000 -20,200000
123 1684535103 0,000000 49,600000 45,000000 45,000000 -20,200000
123 1684535104 0,000000 49,600000 45,000000 45,000000 -20,200000
123 1684535105 -0,007812 51,200000 44,600000 44,600000 -20,200000
123 1684535106 -0,007812 51,200000 44,200000 44,200000 -20,200000
123 1684535107 -0,007813 51,200000 43,800000 43,800000 -20,200000
123 1684535108 -0,007812 51,200000 43,400000 43,400000 -20,200000
123 1684535109 -0,007812 51,200000 43,000000 43,000000 -20,200000
123 1684535110 0,000000 51,800000 43,000000 43,000000 -20,200000
123 1684535111 0,000000 51,800000 43,000000 43,000000 -20,200000
123 1684535112 0,000000 51,800000 43,000000 43,000000 -20,200000
123 1684535113 0,000000 51,800000 43,000000 43,000000 -20,200000
123 1684535114 0,000000 51,800000 43,000000 43,000000 -20,200000
123 1684535115 -0,011450 52,400000 42,400000 42,400000 -20,200000
123 1684535116 -0,011450 52,400000 41,800000 41,800000 -20,200000
123 1684535117 -0,011450 52,400000 41,200000 41,200000 -20,200000
123 1684535118 -0,011450 52,400000 40,600000 40,600000 -20,200000
123 1684535119 -0,011450 52,400000 40,000000 40,000000 -20,200000
123 1684535120 0,015152 52,800000 40,800000 40,800000 -20,200000
123 1684535121 0,015152 52,800000 41,600000 41,600000 -20,200000
123 1684535122 0,015152 52,800000 42,400000 42,400000 -20,200000
123 1684535123 0,015152 52,800000 43,200000 43,200000 -20,200000
123 1684535124 0,015152 52,800000 44,000000 44,000000 -20,200000
123 1684535125 -0,014760 54,200000 43,200000 43,200000 -20,200000
123 1684535126 -0,014760 54,200000 42,400000 42,400000 -20,200000
123 1684535127 -0,014760 54,200000 41,600000 41,600000 -20,200000
123 1684535128 -0,014760 54,200000 40,800000 40,800000 -20,200000
123 1684535129 -0,014760 54,200000 40,000000 40,000000 -20,200000
123 1684535130 0,014545 55,000000 40,800000 40,800000 -20,200000
123 1684535131 0,014545 55,000000 41,600000 41,600000 -20,200000
123 1684535132 0,014545 55,000000 42,400000 42,400000 -20,200000
123 1684535133 0,014545 55,000000 43,200000 43,200000 -20,200000
123 1684535134 0,014545 55,000000 44,000000 44,000000 -20,200000
123 1684535135 -0,003559 56,200000 43,800000 43,800000 -20,200000
123 1684535136 -0,003559 56,200000 43,600000 43,600000 -20,200000
123 1684535137 -0,003559 56,200000 43,400000 43,400000 -20,200000
123 1684535138 -0,003559 56,200000 43,200000 43,200000 -20,200000
123 1684535139 -0,003559 56,200000 43,000000 43,000000 -20,200000
123 1684535140 -0,007018 57,000000 42,600000 42,600000 -20,200000
123 1684535141 -0,007018 57,000000 42,200000 42,200000 -20,200000
123 1684535142 -0,007018 57,000000 41,800000 41,800000 -20,200000
123 1684535143 -0,007018 57,000000 41,400000 41,400000 -20,200000
123 1684535144 -0,007018 57,000000 41,000000 41,000000 -20,200000
123 1684535145 0,010345 58,000000 41,600000 41,600000 -20,200000
123 1684535146 0,010345 58,000000 42,200000 42,200000 -20,200000
123 1684535147 0,010345 58,000000 42,800000 42,800000 -20,200000
123 1684535148 0,010345 58,000000 43,400000 43,400000 -20,200000
123 1684535149 0,010345 58,000000 44,000000 44,000000 -20,200000
123 1684535150 0,000000 58,600000 44,000000 44,000000 -20,200000
123 1684535151 0,000000 58,600000 44,000000 44,000000 -20,200000
123 1684535152 0,000000 58,600000 44,000000 44,000000 -20,200000
123 1684535153 0,000000 58,600000 44,000000 44,000000 -20,200000
123 1684535154 0,000000 58,600000 44,000000 44,000000 -20,200000
123 1684535155 -0,006757 59,200000 43,600000 43,600000 -20,200000
123 1684535156 -0,006757 59,200000 43,200000 43,200000 -20,200000
123 1684535157 -0,006757 59,200000 42,800000 42,800000 -20,200000
123 1684535158 -0,006757 59,200000 42,400000 42,400000 -20,200000
123 1684535159 -0,006757 59,200000 42,000000 42,000000 -20,200000
123 1684535160 0,010033 59,800000 42,600000 42,600000 -20,200000
123 1684535161 0,010033 59,800000 43,200000 43,200000 -20,200000
123 1684535162 0,010033 59,800000 43,800000 43,800000 -20,200000
123 1684535163 0,010033 59,800000 44,400000 44,400000 -20,200000
123 1684535164 0,010033 59,800000 45,000000 45,000000 -20,200000
123 1684535165 -0,009836 61,000000 44,400000 44,400000 -20,200000
123 1684535166 -0,009836 61,000000 43,800000 43,800000 -20,200000
123 1684535167 -0,009836 61,000000 43,200000 43,200000 -20,200000
123 1684535168 -0,009836 61,000000 42,600000 42,600000 -20,200000
123 1684535169 -0,009836 61,000000 42,000000 42,000000 -20,200000
123 1684535170 0,012903 62,000000 42,800000 42,800000 -20,200000
123 1684535171 0,012903 62,000000 43,600000 43,600000 -20,200000
123 1684535172 0,012903 62,000000 44,400000 44,400000 -20,200000
123 1684535173 0,012903 62,000000 45,200000 45,200000 -20,200000
123 1684535174 0,012903 62,000000 46,000000 46,000000 -20,200000
123 1684535175 -0,012618 63,400000 45,200000 45,200000 -20,200000
123 1684535176 -0,012618 63,400000 44,400000 44,400000 -20,200000
123 1684535177 -0,012618 63,400000 43,600000 43,600000 -20,200000
123 1684535178 -0,012618 63,400000 42,800000 42,800000 -20,200000
123 1684535179 -0,012618 63,400000 42,000000 42,000000 -20,200000
123 1684535180 0,003125 64,000000 42,200000 42,200000 -20,200000
123 1684535181 0,003125 64,000000 42,400000 42,400000 -20,200000
123 1684535182 0,003125 64,000000 42,600000 42,600000 -20,200000
123 1684535183 0,003125 64,000000 42,800000 42,800000 -20,200000
123 1684535184 0,003125 64,000000 43,000000 43,000000 -20,200000
123 1684535185 -0,006192 64,600000 42,600000 42,600000 -20,200000
123 1684535186 -0,006192 64,600000 42,200000 42,200000 -20,200000
123 1684535187 -0,006192 64,600000 41,800000 41,800000 -20,200000
123 1684535188 -0,006192 64,600000 41,400000 41,400000 -20,200000
123 1684535189 -0,006192 64,600000 41,000000 41,000000 -20,200000
123 1684535190 0,012308 65,000000 41,800000 41,800000 -20,200000
123 1684535191 0,012308 65,000000 42,600000 42,600000 -20,200000
123 1684535192 0,012308 65,000000 43,400000 43,400000 -20,200000
123 1684535193 0,012308 65,000000 44,200000 44,200000 -20,200000
123 1684535194 0,012308 65,000000 45,000000 45,000000 -20,200000
123 1684535195 0,000000 66,000000 45,000000 45,000000 -20,200000
123 1684535196 0,000000 66,000000 45,000000 45,000000 -20,200000
123 1684535197 0,000000 66,000000 45,000000 45,000000 -20,200000
123 1684535198 0,000000 66,000000 45,000000 45,000000 -20,200000
123 1684535199 0,000000 66,000000 45,000000 45,000000 -20,200000
123 1684535200 -0,005900 67,800000 44,600000 44,600000 -20,200000
123 1684535201 -0,005900 67,800000 44,200000 44,200000 -20,200000
123 1684535202 -0,005900 67,800000 43,800000 43,800000 -20,200000
123 1684535203 -0,005900 67,800000 43,400000 43,400000 -20,200000
123 1684535204 -0,005900 67,800000 43,000000 43,000000 -20,200000
123 1684535205 -0,008721 68,800000 42,400000 42,400000 -20,200000
123 1684535206 -0,008721 68,800000 41,800000 41,800000 -20,200000
123 1684535207 -0,008721 68,800000 41,200000 41,200000 -20,200000
123 1684535208 -0,008721 68,800000 40,600000 40,600000 -20,200000
123 1684535209 -0,008721 68,800000 40,000000 40,000000 -20,200000
123 1684535210 0,002899 69,000000 40,200000 40,200000 -20,200000
123 1684535211 0,002899 69,000000 40,400000 40,400000 -20,200000
123 1684535212 0,002899 69,000000 40,600000 40,600000 -20,200000
123 1684535213 0,002899 69,000000 40,800000 40,800000 -20,200000
123 1684535214 0,002899 69,000000 41,000000 41,000000 -20,200000
123 1684535215 0,002857 70,000000 41,200000 41,200000 -20,200000
123 1684535216 0,002857 70,000000 41,400000 41,400000 -20,200000
123 1684535217 0,002857 70,000000 41,600000 41,600000 -20,200000
123 1684535218 0,002857 70,000000 41,800000 41,800000 -20,200000
123 1684535219 0,002857 70,000000 42,000000 42,000000 -20,200000
123 1684535220 0,011364 70,400000 42,800000 42,800000 -20,200000
123 1684535221 0,011364 70,400000 43,600000 43,600000 -20,200000
123 1684535222 0,011364 70,400000 44,400000 44,400000 -20,200000
123 1684535223 0,011364 70,400000 45,200000 45,200000 -20,200000
123 1684535224 0,011364 70,400000 46,000000 46,000000 -20,200000
123 1684535225 -0,008380 71,600000 45,400000 45,400000 -20,200000
123 1684535226 -0,008380 71,600000 44,800000 44,800000 -20,200000
123 1684535227 -0,008380 71,600000 44,200000 44,200000 -20,200000
123 1684535228 -0,008380 71,600000 43,600000 43,600000 -20,200000
123 1684535229 -0,008380 71,600000 43,000000 43,000000 -20,200000
123 1684535230 0,005495 72,800000 43,400000 43,400000 -20,200000
123 1684535231 0,005495 72,800000 43,800000 43,800000 -20,200000
123 1684535232 0,005495 72,800000 44,200000 44,200000 -20,200000
123 1684535233 0,005495 72,800000 44,600000 44,600000 -20,200000
123 1684535234 0,005495 72,800000 45,000000 45,000000 -20,200000
123 1684535235 -0,002710 73,800000 44,800000 44,800000 -20,200000
123 1684535236 -0,002710 73,800000 44,600000 44,600000 -20,200000
123 1684535237 -0,002710 73,800000 44,400000 44,400000 -20,200000
123 1684535238 -0,002710 73,800000 44,200000 44,200000 -20,200000
123 1684535239 -0,002710 73,800000 44,000000 44,000000 -20,200000
123 1684535240 0,002681 74,600000 44,200000 44,200000 -20,200000
123 1684535241 0,002681 74,600000 44,400000 44,400000 -20,200000
123 1684535242 0,002681 74,600000 44,600000 44,600000 -20,200000
123 1684535243 0,002681 74,600000 44,800000 44,800000 -20,200000
123 1684535244 0,002681 74,600000 45,000000 45,000000 -20,200000
123 1684535245 -0,010582 75,600000 44,200000 44,200000 -20,200000
123 1684535246 -0,010582 75,600000 43,400000 43,400000 -20,200000
123 1684535247 -0,010582 75,600000 42,600000 42,600000 -20,200000
123 1684535248 -0,010582 75,600000 41,800000 41,800000 -20,200000
123 1684535249 -0,010582 75,600000 41,000000 41,000000 -20,200000
123 1684535250 0,005249 76,200000 41,400000 41,400000 -20,200000
123 1684535251 0,005249 76,200000 41,800000 41,800000 -20,200000
123 1684535252 0,005249 76,200000 42,200000 42,200000 -20,200000
123 1684535253 0,005249 76,200000 42,600000 42,600000 -20,200000
123 1684535254 0,005249 76,200000 43,000000 43,000000 -20,200000
123 1684535255 0,002597 77,000000 43,200000 43,200000 -20,200000
123 1684535256 0,002597 77,000000 43,400000 43,400000 -20,200000
123 1684535257 0,002597 77,000000 43,600000 43,600000 -20,200000
123 1684535258 0,002597 77,000000 43,800000 43,800000 -20,200000
123 1684535259 0,002597 77,000000 44,000000 44,000000 -20,200000
123 1684535260 0,000000 77,600000 44,000000 44,000000 -20,200000
123 1684535261 0,000000 77,600000 44,000000 44,000000 -20,200000
123 1684535262 0,000000 77,600000 44,000000 44,000000 -20,200000
123 1684535263 0,000000 77,600000 44,000000 44,000000 -20,200000
123 1684535264 0,000000 77,600000 44,000000 44,000000 -20,200000
123 1684535265 0,005089 78,600000 44,400000 44,400000 -20,200000
123 1684535266 0,005089 78,600000 44,800000 44,800000 -20,200000
123 1684535267 0,005089 78,600000 45,200000 45,200000 -20,200000
123 1684535268 0,005089 78,600000 45,600000 45,600000 -20,200000
123 1684535269 0,005089 78,600000 46,000000 46,000000 -20,200000
123 1684535270 -0,010000 80,000000 45,200000 45,200000 -20,200000
123 1684535271 -0,010000 80,000000 44,400000 44,400000 -20,200000
123 1684535272 -0,010000 80,000000 43,600000 43,600000 -20,200000
123 1684535273 -0,010000 80,000000 42,800000 42,800000 -20,200000
123 1684535274 -0,010000 80,000000 42,000000 42,000000 -20,200000
123 1684535275 -0,002481 80,600000 41,800000 41,800000 -20,200000
123 1684535276 -0,002481 80,600000 41,600000 41,600000 -20,200000
123 1684535277 -0,002481 80,600000 41,400000 41,400000 -20,200000
123 1684535278 -0,002481 80,600000 41,200000 41,200000 -20,200000
123 1684535279 -0,002481 80,600000 41,000000 41,000000 -20,200000
123 1684535280 0,004950 80,800000 41,400000 41,400000 -20,200000
123 1684535281 0,004950 80,800000 41,800000 41,800000 -20,200000
123 1684535282 0,004950 80,800000 42,200000 42,200000 -20,200000
123 1684535283 0,004950 80,800000 42,600000 42,600000 -20,200000
123 1684535284 0,004950 80,800000 43,000000 43,000000 -20,200000
123 1684535285 -0,009756 82,000000 42,200000 42,200000 -20,200000
123 1684535286 -0,009756 82,000000 41,400000 41,400000 -20,200000
123 1684535287 -0,009756 82,000000 40,600000 40,600000 -20,200000
123 1684535288 -0,009756 82,000000 39,800000 39,800000 -20,200000
123 1684535289 -0,009756 82,000000 39,000000 39,000000 -20,200000
123 1684535290 0,016908 82,800000 40,400000 40,400000 -20,200000
123 1684535291 0,016908 82,800000 41,800000 41,800000 -20,200000
123 1684535292 0,016908 82,800000 43,200000 43,200000 -20,200000
123 1684535293 0,016908 82,800000 44,600000 44,600000 -20,200000
123 1684535294 0,016908 82,800000 46,000000 46,000000 -20,200000
123 1684535295 -0,007109 84,400000 45,400000 45,400000 -20,200000
123 1684535296 -0,007109 84,400000 44,800000 44,800000 -20,200000
123 1684535297 -0,007109 84,400000 44,200000 44,200000 -20,200000
123 1684535298 -0,007109 84,400000 43,600000 43,600000 -20,200000
123 1684535299 -0,007109 84,400000 43,000000 43,000000 -20,200000
123 1684535300 -0,002353 85,000000 42,800000 42,800000 -20,200000
123 1684535301 -0,002353 85,000000 42,600000 42,600000 -20,200000
123 1684535302 -0,002353 85,000000 42,400000 42,400000 -20,200000
123 1684535303 -0,002353 85,000000 42,200000 42,200000 -20,200000
123 1684535304 -0,002353 85,000000 42,000000 42,000000 -20,200000
123 1684535305 -0,002326 86,000000 41,800000 41,800000 -20,200000
123 1684535306 -0,002326 86,000000 41,600000 41,600000 -20,200000
123 1684535307 -0,002326 86,000000 41,400000 41,400000 -20,200000
123 1684535308 -0,002326 86,000000 41,200000 41,200000 -20,200000
123 1684535309 -0,002326 86,000000 41,000000 41,000000 -20,200000
123 1684535310 0,002320 86,200000 41,200000 41,200000 -20,200000
123 1684535311 0,002320 86,200000 41,400000 41,400000 -20,200000
123 1684535312 0,002320 86,200000 41,600000 41,600000 -20,200000
123 1684535313 0,002320 86,200000 41,800000 41,800000 -20,200000
123 1684535314 0,002320 86,200000 42,000000 42,000000 -20,200000
123 1684535315 0,000000 87,200000 42,000000 42,000000 -20,200000
123 1684535316 0,000000 87,200000 42,000000 42,000000 -20,200000
123 1684535317 0,000000 87,200000 42,000000 42,000000 -20,200000
123 1684535318 0,000000 87,200000 42,000000 42,000000 -20,200000
123 1684535319 0,000000 87,200000 42,000000 42,000000 -20,200000
123 1684535320 0,004525 88,400000 42,400000 42,400000 -20,200000
123 1684535321 0,004525 88,400000 42,800000 42,800000 -20,200000
123 1684535322 0,004525 88,400000 43,200000 43,200000 -20,200000
123 1684535323 0,004525 88,400000 43,600000 43,600000 -20,200000
123 1684535324 0,004525 88,400000 44,000000 44,000000 -20,200000
123 1684535325 -0,006696 89,600000 43,400000 43,400000 -20,200000
123 1684535326 -0,006696 89,600000 42,800000 42,800000 -20,200000
123 1684535327 -0,006696 89,600000 42,200000 42,200000 -20,200000
123 1684535328 -0,006696 89,600000 41,600000 41,600000 -20,200000
123 1684535329 -0,006696 89,600000 41,000000 41,000000 -20,200000
123 1684535330 0,008850 90,400000 41,800000 41,800000 -20,200000
123 1684535331 0,008850 90,400000 42,600000 42,600000 -20,200000
123 1684535332 0,008850 90,400000 43,400000 43,400000 -20,200000
123 1684535333 0,008850 90,400000 44,200000 44,200000 -20,200000
123 1684535334 0,008850 90,400000 45,000000 45,000000 -20,200000
123 1684535335 -0,008753 91,400000 44,200000 44,200000 -20,200000
123 1684535336 -0,008753 91,400000 43,400000 43,400000 -20,200000
123 1684535337 -0,008753 91,400000 42,600000 42,600000 -20,200000
123 1684535338 -0,008753 91,400000 41,800000 41,800000 -20,200000
123 1684535400 0,000000 1,000000 45,000000 45,000000 10201,000000
123 1684535399 0,000000 0,200000 45,000000 45,000000 2040,200000
123 1684535398 0,000000 0,200000 45,000000 45,000000 2040,200000
123 1684535397 0,000000 0,200000 45,000000 45,000000 2040,200000
123 1684535396 0,000000 0,200000 45,000000 45,000000 2040,200000
123 1684535395 0,000000 0,200000 45,000000 45,000000 2040,200000
123 1684535394 -2,000000 0,200000 45,000000 45,000000 2040,232000
123 1684535393 -2,000000 0,200000 45,400000 45,400000 2040,232000
123 1684535392 -2,000000 0,200000 45,800000 45,800000 2040,232000
123 1684535391 -2,000000 0,200000 46,200000 46,200000 2040,232000
123 1684535390 -2,000000 0,200000 46,600000 46,600000 2040,232000
123 1684535389 3,000000 0,200000 47,000000 47,000000 2040,272000
123 1684535388 3,000000 0,200000 46,400000 46,400000 2040,272000
123 1684535387 3,000000 0,200000 45,800000 45,800000 2040,272000
123 1684535386 3,000000 0,200000 45,200000 45,200000 2040,272000
123 1684535385 3,000000 0,200000 44,600000 44,600000 2040,272000
123 1684535384 1,000000 0,200000 44,000000 44,000000 2040,208000
123 1684535383 1,000000 0,200000 43,800000 43,800000 2040,208000
123 1684535382 1,000000 0,200000 43,600000 43,600000 2040,208000
123 1684535381 1,000000 0,200000 43,400000 43,400000 2040,208000
123 1684535380 1,000000 0,200000 43,200000 43,200000 2040,208000
123 1684535379 -1,000000 0,200000 43,000000 43,000000 2040,208000
123 1684535378 -1,000000 0,200000 43,200000 43,200000 2040,208000
123 1684535377 -1,000000 0,200000 43,400000 43,400000 2040,208000
123 1684535376 -1,000000 0,200000 43,600000 43,600000 2040,208000
123 1684535375 -1,000000 0,200000 43,800000 43,800000 2040,208000
123 1684535374 1,000000 0,200000 44,000000 44,000000 2040,208000
123 1684535373 1,000000 0,200000 43,800000 43,800000 2040,208000
123 1684535372 1,000000 0,200000 43,600000 43,600000 2040,208000
123 1684535371 1,000000 0,200000 43,400000 43,400000 2040,208000
123 1684535370 1,000000 0,200000 43,200000 43,200000 2040,208000
123 1684535369 -4,000000 0,200000 43,000000 43,000000 2040,328000
123 1684535368 -4,000000 0,200000 43,800000 43,800000 2040,328000
123 1684535367 -4,000000 0,200000 44,600000 44,600000 2040,328000
123 1684535366 -4,000000 0,200000 45,400000 45,400000 2040,328000
123 1684535365 -4,000000 0,200000 46,200000 46,200000 2040,328000
123 1684535364 2,000000 0,200000 47,000000 47,000000 2040,232000
123 1684535363 2,000000 0,200000 46,600000 46,600000 2040,232000
123 1684535362 2,000000 0,200000 46,200000 46,200000 2040,232000
123 1684535361 2,000000 0,200000 45,800000 45,800000 2040,232000
123 1684535360 2,000000 0,200000 45,400000 45,400000 2040,232000
123 1684535359 -1,000000 0,200000 45,000000 45,000000 2040,208000
123 1684535358 -1,000000 0,200000 45,200000 45,200000 2040,208000
123 1684535357 -1,000000 0,200000 45,400000 45,400000 2040,208000
123 1684535356 -1,000000 0,200000 45,600000 45,600000 2040,208000
123 1684535355 -1,000000 0,200000 45,800000 45,800000 2040,208000
123 1684535354 3,000000 0,200000 46,000000 46,000000 2040,272000
123 1684535353 3,000000 0,200000 45,400000 45,400000 2040,272000
123 1684535352 3,000000 0,200000 44,800000 44,800000 2040,272000
123 1684535351 3,000000 0,200000 44,200000 44,200000 2040,272000
123 1684535350 3,000000 0,200000 43,600000 43,600000 2040,272000
123 1684535349 -1,000000 0,200000 43,000000 43,000000 2040,208000
123 1684535348 -1,000000 0,200000 43,200000 43,200000 2040,208000
123 1684535347 -1,000000 0,200000 43,400000 43,400000 2040,208000
123 1684535346 -1,000000 0,200000 43,600000 43,600000 2040,208000
123 1684535345 -1,000000 0,200000 43,800000 43,800000 2040,208000
123 1684535344 3,000000 0,200000 44,000000 44,000000 2040,272000
123 1684535343 3,000000 0,200000 43,400000 43,400000 2040,272000
123 1684535342 3,000000 0,200000 42,800000 42,800000 2040,272000
123 1684535341 3,000000 0,200000 42,200000 42,200000 2040,272000
123 1684535340 3,000000 0,200000 41,600000 41,600000 2040,272000
123 1684535339 -4,000000 0,200000 41,000000 41,000000 2040,328000
123 1684535339 -0,008753 91,400000 41,000000 41,000000 -20,200000
123 1684535340 0,006522 92,000000 41,600000 41,600000 -20,200000
123 1684535341 0,006522 92,000000 42,200000 42,200000 -20,200000
123 1684535342 0,006522 92,000000 42,800000 42,800000 -20,200000
123 1684535343 0,006522 92,000000 43,400000 43,400000 -20,200000
123 1684535344 0,006522 92,000000 44,000000 44,000000 -20,200000
123 1684535345 -0,002146 93,200000 43,800000 43,800000 -20,200000
123 1684535346 -0,002146 93,200000 43,600000 43,600000 -20,200000
123 1684535347 -0,002146 93,200000 43,400000 43,400000 -20,200000
123 1684535348 -0,002146 93,200000 43,200000 43,200000 -20,200000
123 1684535349 -0,002146 93,200000 43,000000 43,000000 -20,200000
123 1684535350 0,006410 93,600000 43,600000 43,600000 -20,200000
123 1684535351 0,006410 93,600000 44,200000 44,200000 -20,200000
123 1684535352 0,006410 93,600000 44,800000 44,800000 -20,200000
123 1684535353 0,006410 93,600000 45,400000 45,400000 -20,200000
123 1684535354 0,006410 93,600000 46,000000 46,000000 -20,200000
123 1684535355 -0,002119 94,400000 45,800000 45,800000 -20,200000
123 1684535356 -0,002119 94,400000 45,600000 45,600000 -20,200000
123 1684535357 -0,002119 94,400000 45,400000 45,400000 -20,200000
123 1684535358 -0,002119 94,400000 45,200000 45,200000 -20,200000
123 1684535359 -0,002119 94,400000 45,000000 45,000000 -20,200000
123 1684535360 0,004184 95,600000 45,400000 45,400000 -20,200000
123 1684535361 0,004184 95,600000 45,800000 45,800000 -20,200000
123 1684535362 0,004184 95,600000 46,200000 46,200000 -20,200000
123 1684535363 0,004184 95,600000 46,600000 46,600000 -20,200000
123 1684535364 0,004184 95,600000 47,000000 47,000000 -20,200000
123 1684535365 -0,008247 97,000000 46,200000 46,200000 -20,200000
123 1684535366 -0,008247 97,000000 45,400000 45,400000 -20,200000
123 1684535367 -0,008247 97,000000 44,600000 44,600000 -20,200000
123 1684535368 -0,008247 97,000000 43,800000 43,800000 -20,200000
123 1684535369 -0,008247 97,000000 43,000000 43,000000 -20,200000
123 1684535370 0,002058 97,200000 43,200000 43,200000 -20,200000
123 1684535371 0,002058 97,200000 43,400000 43,400000 -20,200000
123 1684535372 0,002058 97,200000 43,600000 43,600000 -20,200000
123 1684535373 0,002058 97,200000 43,800000 43,800000 -20,200000
123 1684535374 0,002058 97,200000 44,000000 44,000000 -20,200000
123 1684535375 -0,002045 97,800000 43,800000 43,800000 -20,200000
123 1684535376 -0,002045 97,800000 43,600000 43,600000 -20,200000
123 1684535377 -0,002045 97,800000 43,400000 43,400000 -20,200000
123 1684535378 -0,002045 97,800000 43,200000 43,200000 -20,200000
123 1684535379 -0,002045 97,800000 43,000000 43,000000 -20,200000
123 1684535380 0,002033 98,400000 43,200000 43,200000 -20,200000
123 1684535381 0,002033 98,400000 43,400000 43,400000 -20,200000
123 1684535382 0,002033 98,400000 43,600000 43,600000 -20,200000
123 1684535383 0,002033 98,400000 43,800000 43,800000 -20,200000
123 1684535384 0,002033 98,400000 44,000000 44,000000 -20,200000
123 1684535385 0,006036 99,400000 44,600000 44,600000 -20,200000
123 1684535386 0,006036 99,400000 45,200000 45,200000 -20,200000
123 1684535387 0,006036 99,400000 45,800000 45,800000 -20,200000
123 1684535388 0,006036 99,400000 46,400000 46,400000 -20,200000
123 1684535389 0,006036 99,400000 47,000000 47,000000 -20,200000
123 1684535390 -0,003984 100,400000 46,600000 46,600000 -20,200000
123 1684535391 -0,003984 100,400000 46,200000 46,200000 -20,200000
123 1684535392 -0,003984 100,400000 45,800000 45,800000 -20,200000
123 1684535393 -0,003984 100,400000 45,400000 45,400000 -20,200000
123 1684535394 -0,003984 100,400000 45,000000 45,000000 -20,200000
123 1684535395 0,000000 101,600000 45,000000 45,000000 -20,200000
123 1684535396 0,000000 101,600000 45,000000 45,000000 -20,200000
123 1684535397 0,000000 101,600000 45,000000 45,000000 -20,200000
123 1684535398 0,000000 101,600000 45,000000 45,000000 -20,200000
123 1684535399 0,000000 101,600000 45,000000 45,000000 -20,200000
123 1684535400 0,000000 102,200000 45,000000 45,000000 -20,200000
123 1684535401 0,000000 102,200000 45,000000 45,000000 -20,200000
123 1684535402 0,000000 102,200000 45,000000 45,000000 -20,200000
123 1684535403 0,000000 102,200000 45,000000 45,000000 -20,200000
123 1684535404 0,000000 102,200000 45,000000 45,000000 -20,200000
123 1684535405 -0,003876 103,200000 44,600000 44,600000 -20,200000
123 1684535406 -0,003876 103,200000 44,200000 44,200000 -20,200000
123 1684535407 -0,003876 103,200000 43,800000 43,800000 -20,200000
123 1684535408 -0,003876 103,200000 43,400000 43,400000 -20,200000
123 1684535409 -0,003876 103,200000 43,000000 43,000000 -20,200000
123 1684535410 0,007722 103,600000 43,800000 43,800000 -20,200000
123 1684535411 0,007722 103,600000 44,600000 44,600000 -20,200000
123 1684535412 0,007722 103,600000 45,400000 45,400000 -20,200000
123 1684535413 0,007722 103,600000 46,200000 46,200000 -20,200000
123 1684535414 0,007722 103,600000 47,000000 47,000000 -20,200000
123 1684535415 -0,001901 105,200000 46,800000 46,800000 -20,200000
123 1684535416 -0,001901 105,200000 46,600000 46,600000 -20,200000
123 1684535417 -0,001901 105,200000 46,400000 46,400000 -20,200000
123 1684535418 -0,001901 105,200000 46,200000 46,200000 -20,200000
123 1684535419 -0,001901 105,200000 46,000000 46,000000 -20,200000
123 1684535420 -0,001890 105,800000 45,800000 45,800000 -20,200000
123 1684535421 -0,001890 105,800000 45,600000 45,600000 -20,200000
123 1684535422 -0,001890 105,800000 45,400000 45,400000 -20,200000
123 1684535423 -0,001890 105,800000 45,200000 45,200000 -20,200000
123 1684535424 -0,001890 105,800000 45,000000 45,000000 -20,200000
123 1684535425 0,001876 106,600000 45,200000 45,200000 -20,200000
123 1684535426 0,001876 106,600000 45,400000 45,400000 -20,200000
123 1684535427 0,001876 106,600000 45,600000 45,600000 -20,200000
123 1684535428 0,001876 106,600000 45,800000 45,800000 -20,200000
123 1684535429 0,001876 106,600000 46,000000 46,000000 -20,200000
123 1684535430 0,000000 108,000000 46,000000 46,000000 -20,200000
123 1684535431 0,000000 108,000000 46,000000 46,000000 -20,200000
123 1684535432 0,000000 108,000000 46,000000 46,000000 -20,200000
123 1684535433 0,000000 108,000000 46,000000 46,000000 -20,200000
123 1684535434 0,000000 108,000000 46,000000 46,000000 -20,200000
123 1684535435 -0,003663 109,200000 45,600000 45,600000 -20,200000
123 1684535436 -0,003663 109,200000 45,200000 45,200000 -20,200000
123 1684535437 -0,003663 109,200000 44,800000 44,800000 -20,200000
123 1684535438 -0,003663 109,200000 44,400000 44,400000 -20,200000
123 1684535439 -0,003663 109,200000 44,000000 44,000000 -20,200000
123 1684535440 0,000000 109,800000 44,000000 44,000000 -20,200000
123 1684535441 0,000000 109,800000 44,000000 44,000000 -20,200000
123 1684535442 0,000000 109,800000 44,000000 44,000000 -20,200000
123 1684535443 0,000000 109,800000 44,000000 44,000000 -20,200000
123 1684535444 0,000000 109,800000 44,000000 44,000000 -20,200000
123 1684535445 -0,001812 110,400000 43,800000 43,800000 -20,200000
123 1684535446 -0,001812 110,400000 43,600000 43,600000 -20,200000
123 1684535447 -0,001812 110,400000 43,400000 43,400000 -20,200000
123 1684535448 -0,001812 110,400000 43,200000 43,200000 -20,200000
123 1684535449 -0,001812 110,400000 43,000000 43,000000 -20,200000
123 1684535450 0,003597 111,200000 43,400000 43,400000 -20,200000
123 1684535451 0,003597 111,200000 43,800000 43,800000 -20,200000
123 1684535452 0,003597 111,200000 44,200000 44,200000 -20,200000
123 1684535453 0,003597 111,200000 44,600000 44,600000 -20,200000
123 1684535454 0,003597 111,200000 45,000000 45,000000 -20,200000
123 1684535455 -0,001779 112,400000 44,800000 44,800000 -20,200000
123 1684535456 -0,001779 112,400000 44,600000 44,600000 -20,200000
123 1684535457 -0,001779 112,400000 44,400000 44,400000 -20,200000
123 1684535458 -0,001779 112,400000 44,200000 44,200000 -20,200000
123 1684535459 -0,001779 112,400000 44,000000 44,000000 -20,200000
123 1684535460 0,003534 113,200000 44,400000 44,400000 -20,200000
123 1684535461 0,003534 113,200000 44,800000 44,800000 -20,200000
123 1684535462 0,003534 113,200000 45,200000 45,200000 -20,200000
123 1684535463 0,003534 113,200000 45,600000 45,600000 -20,200000
123 1684535464 0,003534 113,200000 46,000000 46,000000 -20,200000
123 1684535465 -0,006981 114,600000 45,200000 45,200000 -20,200000
123 1684535466 -0,006981 114,600000 44,400000 44,400000 -20,200000
123 1684535467 -0,006981 114,600000 43,600000 43,600000 -20,200000
123 1684535468 -0,006981 114,600000 42,800000 42,800000 -20,200000
123 1684535469 -0,006981 114,600000 42,000000 42,000000 -20,200000
123 1684535470 0,001742 114,800000 42,200000 42,200000 -20,200000
123 1684535471 0,001742 114,800000 42,400000 42,400000 -20,200000
123 1684535472 0,001742 114,800000 42,600000 42,600000 -20,200000
123 1684535473 0,001742 114,800000 42,800000 42,800000 -20,200000
123 1684535474 0,001742 114,800000 43,000000 43,000000 -20,200000
123 1684535475 -0,003466 115,400000 42,600000 42,600000 -20,200000
123 1684535476 -0,003466 115,400000 42,200000 42,200000 -20,200000
123 1684535477 -0,003466 115,400000 41,800000 41,800000 -20,200000
123 1684535478 -0,003466 115,400000 41,400000 41,400000 -20,200000
123 1684535479 -0,003466 115,400000 41,000000 41,000000 -20,200000
123 1684535480 0,008621 116,000000 42,000000 42,000000 -20,200000
123 1684535481 0,008621 116,000000 43,000000 43,000000 -20,200000
123 1684535482 0,008621 116,000000 44,000000 44,000000 -20,200000
123 1684535483 0,008621 116,000000 45,000000 45,000000 -20,200000
123 1684535484 0,008621 116,000000 46,000000 46,000000 -20,200000
123 1684535485 -0,006791 117,800000 45,200000 45,200000 -20,200000
123 1684535486 -0,006791 117,800000 44,400000 44,400000 -20,200000
123 1684535487 -0,006791 117,800000 43,600000 43,600000 -20,200000
123 1684535488 -0,006791 117,800000 42,800000 42,800000 -20,200000
123 1684535489 -0,006791 117,800000 42,000000 42,000000 -20,200000
123 1684535490 0,005076 118,200000 42,600000 42,600000 -20,200000
123 1684535491 0,005076 118,200000 43,200000 43,200000 -20,200000
123 1684535492 0,005076 118,200000 43,800000 43,800000 -20,200000
123 1684535493 0,005076 118,200000 44,400000 44,400000 -20,200000
123 1684535494 0,005076 118,200000 45,000000 45,000000 -20,200000
123 1684535495 -0,005034 119,200000 44,400000 44,400000 -20,200000
123 1684535496 -0,005034 119,200000 43,800000 43,800000 -20,200000
123 1684535497 -0,005034 119,200000 43,200000 43,200000 -20,200000
123 1684535498 -0,005034 119,200000 42,600000 42,600000 -20,200000
123 1684535499 -0,005034 119,200000 42,000000 42,000000 -20,200000
123 1684535500 0,003350 119,400000 42,400000 42,400000 -20,200000
123 1684535501 0,003350 119,400000 42,800000 42,800000 -20,200000
123 1684535502 0,003350 119,400000 43,200000 43,200000 -20,200000
123 1684535503 0,003350 119,400000 43,600000 43,600000 -20,200000
123 1684535504 0,003350 119,400000 44,000000 44,000000 -20,200000
123 1684535505 -0,001658 120,600000 43,800000 43,800000 -20,200000
123 1684535506 -0,001658 120,600000 43,600000 43,600000 -20,200000
123 1684535507 -0,001658 120,600000 43,400000 43,400000 -20,200000
123 1684535508 -0,001658 120,600000 43,200000 43,200000 -20,200000
123 1684535509 -0,001658 120,600000 43,000000 43,000000 -20,200000
123 1684535510 0,001647 121,400000 43,200000 43,200000 -20,200000
123 1684535511 0,001647 121,400000 43,400000 43,400000 -20,200000
123 1684535512 0,001647 121,400000 43,600000 43,600000 -20,200000
123 1684535513 0,001647 121,400000 43,800000 43,800000 -20,200000
123 1684535514 0,001647 121,400000 44,000000 44,000000 -20,200000
123 1684535515 -0,001639 122,000000 43,800000 43,800000 -20,200000
123 1684535516 -0,001639 122,000000 43,600000 43,600000 -20,200000
123 1684535517 -0,001639 122,000000 43,400000 43,400000 -20,200000
123 1684535518 -0,001639 122,000000 43,200000 43,200000 -20,200000
123 1684535519 -0,001639 122,000000 43,000000 43,000000 -20,200000
123 1684535520 0,000000 123,400000 43,000000 43,000000 -20,200000
123 1684535521 0,000000 123,400000 43,000000 43,000000 -20,200000
123 1684535522 0,000000 123,400000 43,000000 43,000000 -20,200000
123 1684535523 0,000000 123,400000 43,000000 43,000000 -20,200000
123 1684535524 0,000000 123,400000 43,000000 43,000000 -20,200000
123 1684535525 -0,003210 124,600000 42,600000 42,600000 -20,200000
123 1684535526 -0,003210 124,600000 42,200000 42,200000 -20,200000
123 1684535527 -0,003210 124,600000 41,800000 41,800000 -20,200000
123 1684535528 -0,003210 124,600000 41,400000 41,400000 -20,200000
123 1684535529 -0,003210 124,600000 41,000000 41,000000 -20,200000
123 1684535530 0,004785 125,400000 41,600000 41,600000 -20,200000
123 1684535531 0,004785 125,400000 42,200000 42,200000 -20,200000
123 1684535532 0,004785 125,400000 42,800000 42,800000 -20,200000
123 1684535533 0,004785 125,400000 43,400000 43,400000 -20,200000
123 1684535534 0,004785 125,400000 44,000000 44,000000 -20,200000
123 1684535535 -0,006329 126,400000 43,200000 43,200000 -20,200000
123 1684535536 -0,006329 126,400000 42,400000 42,400000 -20,200000
123 1684535537 -0,006329 126,400000 41,600000 41,600000 -20,200000
123 1684535538 -0,006329 126,400000 40,800000 40,800000 -20,200000
123 1684535539 -0,006329 126,400000 40,000000 40,000000 -20,200000
123 1684535540 0,003150 127,000000 40,400000 40,400000 -20,200000
123 1684535541 0,003150 127,000000 40,800000 40,800000 -20,200000
123 1684535542 0,003150 127,000000 41,200000 41,200000 -20,200000
123 1684535543 0,003150 127,000000 41,600000 41,600000 -20,200000
123 1684535544 0,003150 127,000000 42,000000 42,000000 -20,200000
123 1684535545 0,003130 127,800000 42,400000 42,400000 -20,200000
123 1684535546 0,003130 127,800000 42,800000 42,800000 -20,200000
123 1684535547 0,003130 127,800000 43,200000 43,200000 -20,200000
123 1684535548 0,003130 127,800000 43,600000 43,600000 -20,200000
123 1684535549 0,003130 127,800000 44,000000 44,000000 -20,200000
123 1684535550 0,000000 128,800000 44,000000 44,000000 -20,200000
123 1684535551 0,000000 128,800000 44,000000 44,000000 -20,200000
123 1684535552 0,000000 128,800000 44,000000 44,000000 -20,200000
123 1684535553 0,000000 128,800000 44,000000 44,000000 -20,200000
123 1684535554 0,000000 128,800000 44,000000 44,000000 -20,200000
123 1684535555 0,001541 129,800000 44,200000 44,200000 -20,200000
123 1684535556 0,001541 129,800000 44,400000 44,400000 -20,200000
123 1684535557 0,001541 129,800000 44,600000 44,600000 -20,200000
123 1684535558 0,001541 129,800000 44,800000 44,800000 -20,200000
123 1684535559 0,001541 129,800000 45,000000 45,000000 -20,200000
123 1684535560 -0,004573 131,200000 44,400000 44,400000 -20,200000
123 1684535561 -0,004573 131,200000 43,800000 43,800000 -20,200000
123 1684535562 -0,004573 131,200000 43,200000 43,200000 -20,200000
123 1684535563 -0,004573 131,200000 42,600000 42,600000 -20,200000
123 1684535564 -0,004573 131,200000 42,000000 42,000000 -20,200000
123 1684535565 -0,001517 131,800000 41,800000 41,800000 -20,200000
123 1684535566 -0,001517 131,800000 41,600000 41,600000 -20,200000
123 1684535567 -0,001517 131,800000 41,400000 41,400000 -20,200000
123 1684535568 -0,001517 131,800000 41,200000 41,200000 -20,200000
123 1684535569 -0,001517 131,800000 41,000000 41,000000 -20,200000
123 1684535570 0,003030 132,000000 41,400000 41,400000 -20,200000
123 1684535571 0,003030 132,000000 41,800000 41,800000 -20,200000
123 1684535572 0,003030 132,000000 42,200000 42,200000 -20,200000
123 1684535573 0,003030 132,000000 42,600000 42,600000 -20,200000
123 1684535574 0,003030 132,000000 43,000000 43,000000 -20,200000
123 1684535575 0,000000 133,200000 43,000000 43,000000 -20,200000
123 1684535576 0,000000 133,200000 43,000000 43,000000 -20,200000
123 1684535577 0,000000 133,200000 43,000000 43,000000 -20,200000
123 1684535578 0,000000 133,200000 43,000000 43,000000 -20,200000
123 1684535579 0,000000 133,200000 43,000000 43,000000 -20,200000
123 1684535580 0,001493 134,000000 43,200000 43,200000 -20,200000
123 1684535581 0,001493 134,000000 43,400000 43,400000 -20,200000
123 1684535582 0,001493 134,000000 43,600000 43,600000 -20,200000
123 1684535583 0,001493 134,000000 43,800000 43,800000 -20,200000
123 1684535584 0,001493 134,000000 44,000000 44,000000 -20,200000
123 1684535585 -0,001479 135,200000 43,800000 43,800000 -20,200000
123 1684535586 -0,001479 135,200000 43,600000 43,600000 -20,200000
123 1684535587 -0,001479 135,200000 43,400000 43,400000 -20,200000
123 1684535588 -0,001479 135,200000 43,200000 43,200000 -20,200000
123 1684535589 -0,001479 135,200000 43,000000 43,000000 -20,200000
123 1684535590 -0,001473 135,800000 42,800000 42,800000 -20,200000
123 1684535591 -0,001473 135,800000 42,600000 42,600000 -20,200000
123 1684535592 -0,001473 135,800000 42,400000 42,400000 -20,200000
123 1684535593 -0,001473 135,800000 42,200000 42,200000 -20,200000
123 1684535594 -0,001473 135,800000 42,000000 42,000000 -20,200000
123 1684535595 -0,001462 136,800000 41,800000 41,800000 -20,200000
123 1684535596 -0,001462 136,800000 41,600000 41,600000 -20,200000
123 1684535597 -0,001462 136,800000 41,400000 41,400000 -20,200000
123 1684535598 -0,001462 136,800000 41,200000 41,200000 -20,200000
123 1684535599 -0,001462 136,800000 41,000000 41,000000 -20,200000
123 1684535600 0,005831 137,200000 41,800000 41,800000 -20,200000
123 1684535601 0,005831 137,200000 42,600000 42,600000 -20,200000
123 1684535602 0,005831 137,200000 43,400000 43,400000 -20,200000
123 1684535603 0,005831 137,200000 44,200000 44,200000 -20,200000
123 1684535604 0,005831 137,200000 45,000000 45,000000 -20,200000
123 1684535605 -0,005789 138,200000 44,200000 44,200000 -20,200000
123 1684535606 -0,005789 138,200000 43,400000 43,400000 -20,200000
123 1684535607 -0,005789 138,200000 42,600000 42,600000 -20,200000
123 1684535608 -0,005789 138,200000 41,800000 41,800000 -20,200000
123 1684535609 -0,005789 138,200000 41,000000 41,000000 -20,200000
123 1684535610 0,005755 139,000000 41,800000 41,800000 -20,200000
123 1684535611 0,005755 139,000000 42,600000 42,600000 -20,200000
123 1684535612 0,005755 139,000000 43,400000 43,400000 -20,200000
123 1684535613 0,005755 139,000000 44,200000 44,200000 -20,200000
123 1684535614 0,005755 139,000000 45,000000 45,000000 -20,200000
123 1684535615 -0,001427 140,200000 44,800000 44,800000 -20,200000
123 1684535616 -0,001427 140,200000 44,600000 44,600000 -20,200000
123 1684535617 -0,001427 140,200000 44,400000 44,400000 -20,200000
123 1684535618 -0,001427 140,200000 44,200000 44,200000 -20,200000
123 1684535619 -0,001427 140,200000 44,000000 44,000000 -20,200000
123 1684535620 -0,001420 140,800000 43,800000 43,800000 -20,200000
123 1684535621 -0,001420 140,800000 43,600000 43,600000 -20,200000
123 1684535622 -0,001420 140,800000 43,400000 43,400000 -20,200000
123 1684535623 -0,001420 140,800000 43,200000 43,200000 -20,200000
123 1684535624 -0,001420 140,800000 43,000000 43,000000 -20,200000
123 1684535625 0,001412 141,600000 43,200000 43,200000 -20,200000
123 1684535626 0,001412 141,600000 43,400000 43,400000 -20,200000
123 1684535627 0,001412 141,600000 43,600000 43,600000 -20,200000
123 1684535628 0,001412 141,600000 43,800000 43,800000 -20,200000
123 1684535629 0,001412 141,600000 44,000000 44,000000 -20,200000
123 1684535630 0,000000 143,000000 44,000000 44,000000 -20,200000
123 1684535631 0,000000 143,000000 44,000000 44,000000 -20,200000
123 1684535632 0,000000 143,000000 44,000000 44,000000 -20,200000
123 1684535633 0,000000 143,000000 44,000000 44,000000 -20,200000
123 1684535634 0,000000 143,000000 44,000000 44,000000 -20,200000
123 1684535635 -0,004167 144,000000 43,400000 43,400000 -20,200000
123 1684535636 -0,004167 144,000000 42,800000 42,800000 -20,200000
123 1684535637 -0,004167 144,000000 42,200000 42,200000 -20,200000
123 1684535638 -0,004167 144,000000 41,600000 41,600000 -20,200000
123 1684535639 -0,004167 144,000000 41,000000 41,000000 -20,200000
123 1684535640 0,005540 144,400000 41,800000 41,800000 -20,200000
123 1684535641 0,005540 144,400000 42,600000 42,600000 -20,200000
123 1684535642 0,005540 144,400000 43,400000 43,400000 -20,200000
123 1684535643 0,005540 144,400000 44,200000 44,200000 -20,200000
123 1684535644 0,005540 144,400000 45,000000 45,000000 -20,200000
123 1684535645 -0,006859 145,800000 44,000000 44,000000 -20,200000
123 1684535646 -0,006859 145,800000 43,000000 43,000000 -20,200000
123 1684535647 -0,006859 145,800000 42,000000 42,000000 -20,200000
123 1684535648 -0,006859 145,800000 41,000000 41,000000 -20,200000
123 1684535649 -0,006859 145,800000 40,000000 40,000000 -20,200000
123 1684535650 0,006831 146,400000 41,000000 41,000000 -20,200000
123 1684535651 0,006831 146,400000 42,000000 42,000000 -20,200000
123 1684535652 0,006831 146,400000 43,000000 43,000000 -20,200000
123 1684535653 0,006831 146,400000 44,000000 44,000000 -20,200000
123 1684535654 0,006831 146,400000 45,000000 45,000000 -20,200000
123 1684535655 -0,005413 147,800000 44,200000 44,200000 -20,200000
123 1684535656 -0,005413 147,800000 43,400000 43,400000 -20,200000
123 1684535657 -0,005413 147,800000 42,600000 42,600000 -20,200000
123 1684535658 -0,005413 147,800000 41,800000 41,800000 -20,200000
123 1684535659 -0,005413 147,800000 41,000000 41,000000 -20,200000
123 1684535660 0,001351 148,000000 41,200000 41,200000 -20,200000
123 1684535661 0,001351 148,000000 41,400000 41,400000 -20,200000
123 1684535662 0,001351 148,000000 41,600000 41,600000 -20,200000
123 1684535663 0,001351 148,000000 41,800000 41,800000 -20,200000
123 1684535664 0,001351 148,000000 42,000000 42,000000 -20,200000
123 1684535665 -0,002677 149,400000 41,600000 41,600000 -20,200000
123 1684535666 -0,002677 149,400000 41,200000 41,200000 -20,200000
123 1684535667 -0,002677 149,400000 40,800000 40,800000 -20,200000
123 1684535668 -0,002677 149,400000 40,400000 40,400000 -20,200000
123 1684535669 -0,002677 149,400000 40,000000 40,000000 -20,200000
123 1684535670 0,004005 149,800000 40,600000 40,600000 -20,200000
123 1684535671 0,004005 149,800000 41,200000 41,200000 -20,200000
123 1684535672 0,004005 149,800000 41,800000 41,800000 -20,200000
123 1684535673 0,004005 149,800000 42,400000 42,400000 -20,200000
123 1684535674 0,004005 149,800000 43,000000 43,000000 -20,200000
123 1684535675 0,001328 150,600000 43,200000 43,200000 -20,200000
123 1684535676 0,001328 150,600000 43,400000 43,400000 -20,200000
123 1684535677 0,001328 150,600000 43,600000 43,600000 -20,200000
123 1684535678 0,001328 150,600000 43,800000 43,800000 -20,200000
123 1684535679 0,001328 150,600000 44,000000 44,000000 -20,200000
123 1684535680 -0,001318 151,800000 43,800000 43,800000 -20,200000
123 1684535681 -0,001318 151,800000 43,600000 43,600000 -20,200000
123 1684535682 -0,001318 151,800000 43,400000 43,400000 -20,200000
123 1684535683 -0,001318 151,800000 43,200000 43,200000 -20,200000
123 1684535684 -0,001318 151,800000 43,000000 43,000000 -20,200000
123 1684535685 -0,003916 153,200000 42,400000 42,400000 -20,200000
123 1684535686 -0,003916 153,200000 41,800000 41,800000 -20,200000
123 1684535687 -0,003916 153,200000 41,200000 41,200000 -20,200000
123 1684535688 -0,003916 153,200000 40,600000 40,600000 -20,200000
123 1684535689 -0,003916 153,200000 40,000000 40,000000 -20,200000
123 1684535690 0,002608 153,400000 40,400000 40,400000 -20,200000
123 1684535691 0,002608 153,400000 40,800000 40,800000 -20,200000
123 1684535692 0,002608 153,400000 41,200000 41,200000 -20,200000
123 1684535693 0,002608 153,400000 41,600000 41,600000 -20,200000
123 1684535694 0,002608 153,400000 42,000000 42,000000 -20,200000
123 1684535695 -0,002597 154,000000 41,600000 41,600000 -20,200000
123 1684535696 -0,002597 154,000000 41,200000 41,200000 -20,200000
123 1684535697 -0,002597 154,000000 40,800000 40,800000 -20,200000
123 1684535698 -0,002597 154,000000 40,400000 40,400000 -20,200000
123 1684535699 -0,002597 154,000000 40,000000 40,000000 -20,200000
123 1684535700 0,002587 154,600000 40,400000 40,400000 -20,200000
123 1684535701 0,002587 154,600000 40,800000 40,800000 -20,200000
123 1684535702 0,002587 154,600000 41,200000 41,200000 -20,200000
123 1684535703 0,002587 154,600000 41,600000 41,600000 -20,200000
123 1684535704 0,002587 154,600000 42,000000 42,000000 -20,200000
123 1684535705 0,001282 156,000000 42,200000 42,200000 -20,200000
123 1684535706 0,001282 156,000000 42,400000 42,400000 -20,200000
123 1684535707 0,001282 156,000000 42,600000 42,600000 -20,200000
123 1684535708 0,001282 156,000000 42,800000 42,800000 -20,200000
123 1684535709 0,001282 156,000000 43,000000 43,000000 -20,200000
123 1684535710 -0,001277 156,600000 42,800000 42,800000 -20,200000
123 1684535711 -0,001277 156,600000 42,600000 42,600000 -20,200000
123 1684535712 -0,001277 156,600000 42,400000 42,400000 -20,200000
123 1684535713 -0,001277 156,600000 42,200000 42,200000 -20,200000
123 1684535714 -0,001277 156,600000 42,000000 42,000000 -20,200000
123 1684535715 0,001271 157,400000 42,200000 42,200000 -20,200000
123 1684535716 0,001271 157,400000 42,400000 42,400000 -20,200000
123 1684535717 0,001271 157,400000 42,600000 42,600000 -20,200000
123 1684535718 0,001271 157,400000 42,800000 42,800000 -20,200000
123 1684535719 0,001271 157,400000 43,000000 43,000000 -20,200000
123 1684535720 0,002522 158,600000 43,400000 43,400000 -20,200000
123 1684535721 0,002522 158,600000 43,800000 43,800000 -20,200000
123 1684535722 0,002522 158,600000 44,200000 44,200000 -20,200000
123 1684535723 0,002522 158,600000 44,600000 44,600000 -20,200000
123 1684535724 0,002522 158,600000 45,000000 45,000000 -20,200000
123 1684535725 -0,005013 159,600000 44,200000 44,200000 -20,200000
123 1684535726 -0,005013 159,600000 43,400000 43,400000 -20,200000
123 1684535727 -0,005013 159,600000 42,600000 42,600000 -20,200000
123 1684535728 -0,005013 159,600000 41,800000 41,800000 -20,200000
123 1684535729 -0,005013 159,600000 41,000000 41,000000 -20,200000
123 1684535730 0,001248 160,200000 41,200000 41,200000 -20,200000
123 1684535731 0,001248 160,200000 41,400000 41,400000 -20,200000
123 1684535732 0,001248 160,200000 41,600000 41,600000 -20,200000
123 1684535733 0,001248 160,200000 41,800000 41,800000 -20,200000
123 1684535734 0,001248 160,200000 42,000000 42,000000 -20,200000
123 1684535735 0,000000 161,000000 42,000000 42,000000 -20,200000
123 1684535736 0,000000 161,000000 42,000000 42,000000 -20,200000
123 1684535737 0,000000 161,000000 42,000000 42,000000 -20,200000
123 1684535738 0,000000 161,000000 42,000000 42,000000 -20,200000
123 1684535739 0,000000 161,000000 42,000000 42,000000 -20,200000
123 1684535740 -0,001235 162,000000 41,800000 41,800000 -20,200000
123 1684535741 -0,001235 162,000000 41,600000 41,600000 -20,200000
123 1684535742 -0,001235 162,000000 41,400000 41,400000 -20,200000
123 1684535743 -0,001235 162,000000 41,200000 41,200000 -20,200000
123 1684535744 -0,001235 162,000000 41,000000 41,000000 -20,200000
123 1684535745 0,004908 163,000000 41,800000 41,800000 -20,200000
123 1684535746 0,004908 163,000000 42,600000 42,600000 -20,200000
123 1684535747 0,004908 163,000000 43,400000 43,400000 -20,200000
123 1684535748 0,004908 163,000000 44,200000 44,200000 -20,200000
123 1684535749 0,004908 163,000000 45,000000 45,000000 -20,200000
123 1684535750 -0,001217 164,400000 44,800000 44,800000 -20,200000
123 1684535751 -0,001217 164,400000 44,600000 44,600000 -20,200000
123 1684535752 -0,001217 164,400000 44,400000 44,400000 -20,200000
123 1684535753 -0,001217 164,400000 44,200000 44,200000 -20,200000
123 1684535754 -0,001217 164,400000 44,000000 44,000000 -20,200000
123 1684535755 -0,002418 165,400000 43,600000 43,600000 -20,200000
123 1684535756 -0,002418 165,400000 43,200000 43,200000 -20,200000
123 1684535757 -0,002418 165,400000 42,800000 42,800000 -20,200000
123 1684535758 -0,002418 165,400000 42,400000 42,400000 -20,200000
123 1684535759 -0,002418 165,400000 42,000000 42,000000 -20,200000
123 1684535760 0,002415 165,600000 42,400000 42,400000 -20,200000
123 1684535761 0,002415 165,600000 42,800000 42,800000 -20,200000
123 1684535762 0,002415 165,600000 43,200000 43,200000 -20,200000
123 1684535763 0,002415 165,600000 43,600000 43,600000 -20,200000
123 1684535764 0,002415 165,600000 44,000000 44,000000 -20,200000
123 1684535765 -0,003610 166,200000 43,400000 43,400000 -20,200000
123 1684535766 -0,003610 166,200000 42,800000 42,800000 -20,200000
123 1684535767 -0,003610 166,200000 42,200000 42,200000 -20,200000
123 1684535768 -0,003610 166,200000 41,600000 41,600000 -20,200000
123 1684535769 -0,003610 166,200000 41,000000 41,000000 -20,200000
123 1684535770 0,007194 166,800000 42,200000 42,200000 -20,200000
123 1684535771 0,007194 166,800000 43,400000 43,400000 -20,200000
123 1684535772 0,007194 166,800000 44,600000 44,600000 -20,200000
123 1684535773 0,007194 166,800000 45,800000 45,800000 -20,200000
123 1684535774 0,007194 166,800000 47,000000 47,000000 -20,200000
123 1684535775 -0,004739 168,800000 46,200000 46,200000 -20,200000
123 1684535776 -0,004739 168,800000 45,400000 45,400000 -20,200000
123 1684535777 -0,004739 168,800000 44,600000 44,600000 -20,200000
123 1684535778 -0,004739 168,800000 43,800000 43,800000 -20,200000
123 1684535779 -0,004739 168,800000 43,000000 43,000000 -20,200000
123 1684535780 0,000000 169,800000 43,000000 43,000000 -20,200000
123 1684535781 0,000000 169,800000 43,000000 43,000000 -20,200000
123 1684535782 0,000000 169,800000 43,000000 43,000000 -20,200000
123 1684535783 0,000000 169,800000 43,000000 43,000000 -20,200000
123 1684535784 0,000000 169,800000 43,000000 43,000000 -20,200000
123 1684535785 -0,002347 170,400000 42,600000 42,600000 -20,200000
123 1684535786 -0,002347 170,400000 42,200000 42,200000 -20,200000
123 1684535787 -0,002347 170,400000 41,800000 41,800000 -20,200000
123 1684535788 -0,002347 170,400000 41,400000 41,400000 -20,200000
123 1684535789 -0,002347 170,400000 41,000000 41,000000 -20,200000
123 1684535790 0,001170 171,000000 41,200000 41,200000 -20,200000
123 1684535791 0,001170 171,000000 41,400000 41,400000 -20,200000
123 1684535792 0,001170 171,000000 41,600000 41,600000 -20,200000
123 1684535793 0,001170 171,000000 41,800000 41,800000 -20,200000
123 1684535794 0,001170 171,000000 42,000000 42,000000 -20,200000
123 1684535795 0,001164 171,800000 42,200000 42,200000 -20,200000
123 1684535796 0,001164 171,800000 42,400000 42,400000 -20,200000
123 1684535797 0,001164 171,800000 42,600000 42,600000 -20,200000
123 1684535798 0,001164 171,800000 42,800000 42,800000 -20,200000
123 1684535799 0,001164 171,800000 43,000000 43,000000 -20,200000
123 1684535800 0,001159 172,600000 43,200000 43,200000 -20,200000
123 1684535801 0,001159 172,600000 43,400000 43,400000 -20,200000
123 1684535802 0,001159 172,600000 43,600000 43,600000 -20,200000
123 1684535803 0,001159 172,600000 43,800000 43,800000 -20,200000
123 1684535804 0,001159 172,600000 44,000000 44,000000 -20,200000
123 1684535805 -0,002304 173,600000 43,600000 43,600000 -20,200000
123 1684535806 -0,002304 173,600000 43,200000 43,200000 -20,200000
123 1684535807 -0,002304 173,600000 42,800000 42,800000 -20,200000
123 1684535808 -0,002304 173,600000 42,400000 42,400000 -20,200000
123 1684535809 -0,002304 173,600000 42,000000 42,000000 -20,200000
123 1684535810 0,004587 174,400000 42,800000 42,800000 -20,200000
123 1684535811 0,004587 174,400000 43,600000 43,600000 -20,200000
123 1684535812 0,004587 174,400000 44,400000 44,400000 -20,200000
123 1684535813 0,004587 174,400000 45,200000 45,200000 -20,200000
123 1684535814 0,004587 174,400000 46,000000 46,000000 -20,200000
123 1684535815 -0,005701 175,400000 45,000000 45,000000 -20,200000
123 1684535816 -0,005701 175,400000 44,000000 44,000000 -20,200000
123 1684535817 -0,005701 175,400000 43,000000 43,000000 -20,200000
123 1684535818 -0,005701 175,400000 42,000000 42,000000 -20,200000
123 1684535819 -0,005701 175,400000 41,000000 41,000000 -20,200000
123 1684535820 0,003413 175,800000 41,600000 41,600000 -20,200000
123 1684535821 0,003413 175,800000 42,200000 42,200000 -20,200000
123 1684535822 0,003413 175,800000 42,800000 42,800000 -20,200000
123 1684535823 0,003413 175,800000 43,400000 43,400000 -20,200000
123 1684535824 0,003413 175,800000 44,000000 44,000000 -20,200000
123 1684535825 -0,003386 177,200000 43,400000 43,400000 -20,200000
123 1684535826 -0,003386 177,200000 42,800000 42,800000 -20,200000
123 1684535827 -0,003386 177,200000 42,200000 42,200000 -20,200000
123 1684535828 -0,003386 177,200000 41,600000 41,600000 -20,200000
123 1684535829 -0,003386 177,200000 41,000000 41,000000 -20,200000
123 1684535830 0,002250 177,800000 41,400000 41,400000 -20,200000
123 1684535831 0,002250 177,800000 41,800000 41,800000 -20,200000
123 1684535832 0,002250 177,800000 42,200000 42,200000 -20,200000
123 1684535833 0,002250 177,800000 42,600000 42,600000 -20,200000
123 1684535834 0,002250 177,800000 43,000000 43,000000 -20,200000
123 1684535835 0,001120 178,600000 43,200000 43,200000 -20,200000
123 1684535836 0,001120 178,600000 43,400000 43,400000 -20,200000
123 1684535837 0,001120 178,600000 43,600000 43,600000 -20,200000
123 1684535838 0,001120 178,600000 43,800000 43,800000 -20,200000
123 1684535839 0,001120 178,600000 44,000000 44,000000 -20,200000
123 1684535840 0,004454 179,600000 44,800000 44,800000 -20,200000
123 1684535841 0,004454 179,600000 45,600000 45,600000 -20,200000
123 1684535842 0,004454 179,600000 46,400000 46,400000 -20,200000
123 1684535843 0,004454 179,600000 47,200000 47,200000 -20,200000
123 1684535844 0,004454 179,600000 48,000000 48,000000 -20,200000
123 1684535845 -0,006615 181,400000 46,800000 46,800000 -20,200000
123 1684535846 -0,006615 181,400000 45,600000 45,600000 -20,200000
123 1684535847 -0,006615 181,400000 44,400000 44,400000 -20,200000
123 1684535848 -0,006615 181,400000 43,200000 43,200000 -20,200000
123 1684535849 -0,006615 181,400000 42,000000 42,000000 -20,200000
123 1684535850 0,001101 181,600000 42,200000 42,200000 -20,200000
123 1684535851 0,001101 181,600000 42,400000 42,400000 -20,200000
123 1684535852 0,001101 181,600000 42,600000 42,600000 -20,200000
123 1684535853 0,001101 181,600000 42,800000 42,800000 -20,200000
123 1684535854 0,001101 181,600000 43,000000 43,000000 -20,200000
123 1684535855 -0,001098 182,200000 42,800000 42,800000 -20,200000
123 1684535856 -0,001098 182,200000 42,600000 42,600000 -20,200000
123 1684535857 -0,001098 182,200000 42,400000 42,400000 -20,200000
123 1684535858 -0,001098 182,200000 42,200000 42,200000 -20,200000
123 1684535859 -0,001098 182,200000 42,000000 42,000000 -20,200000
123 1684535860 0,002193 182,400000 42,400000 42,400000 -20,200000
123 1684535861 0,002193 182,400000 42,800000 42,800000 -20,200000
123 1684535862 0,002193 182,400000 43,200000 43,200000 -20,200000
123 1684535863 0,002193 182,400000 43,600000 43,600000 -20,200000
123 1684535864 0,002193 182,400000 44,000000 44,000000 -20,200000
123 1684535865 0,000000 184,000000 44,000000 44,000000 -20,200000
123 1684535866 0,000000 184,000000 44,000000 44,000000 -20,200000
123 1684535867 0,000000 184,000000 44,000000 44,000000 -20,200000
123 1684535868 0,000000 184,000000 44,000000 44,000000 -20,200000
123 1684535869 0,000000 184,000000 44,000000 44,000000 -20,200000
123 1684535870 -0,001080 185,200000 43,800000 43,800000 -20,200000
123 1684535871 -0,001080 185,200000 43,600000 43,600000 -20,200000
123 1684535872 -0,001080 185,200000 43,400000 43,400000 -20,200000
123 1684535873 -0,001080 185,200000 43,200000 43,200000 -20,200000
123 1684535874 -0,001080 185,200000 43,000000 43,000000 -20,200000
123 1684535875 0,001075 186,000000 43,200000 43,200000 -20,200000
123 1684535876 0,001075 186,000000 43,400000 43,400000 -20,200000
123 1684535877 0,001075 186,000000 43,600000 43,600000 -20,200000
123 1684535878 0,001075 186,000000 43,800000 43,800000 -20,200000
123 1684535879 0,001075 186,000000 44,000000 44,000000 -20,200000
123 1684535880 -0,002141 186,800000 43,600000 43,600000 -20,200000
123 1684535881 -0,002141 186,800000 43,200000 43,200000 -20,200000
123 1684535882 -0,002141 186,800000 42,800000 42,800000 -20,200000
123 1684535883 -0,002141 186,800000 42,400000 42,400000 -20,200000
123 1684535884 -0,002141 186,800000 42,000000 42,000000 -20,200000
123 1684535885 -0,002132 187,600000 41,600000 41,600000 -20,200000
123 1684535886 -0,002132 187,600000 41,200000 41,200000 -20,200000
123 1684535887 -0,002132 187,600000 40,800000 40,800000 -20,200000
123 1684535888 -0,002132 187,600000 40,400000 40,400000 -20,200000
123 1684535889 -0,002132 187,600000 40,000000 40,000000 -20,200000
123 1684535890 0,004255 188,000000 40,800000 40,800000 -20,200000
123 1684535891 0,004255 188,000000 41,600000 41,600000 -20,200000
123 1684535892 0,004255 188,000000 42,400000 42,400000 -20,200000
123 1684535893 0,004255 188,000000 43,200000 43,200000 -20,200000
123 1684535894 0,004255 188,000000 44,000000 44,000000 -20,200000
123 1684535895 -0,001057 189,200000 43,800000 43,800000 -20,200000
123 1684535896 -0,001057 189,200000 43,600000 43,600000 -20,200000
123 1684535897 -0,001057 189,200000 43,400000 43,400000 -20,200000
123 1684535898 -0,001057 189,200000 43,200000 43,200000 -20,200000
123 1684535899 -0,001057 189,200000 43,000000 43,000000 -20,200000
123 1684535900 0,000000 190,600000 43,000000 43,000000 -20,200000
123 1684535901 0,000000 190,600000 43,000000 43,000000 -20,200000
123 1684535902 0,000000 190,600000 43,000000 43,000000 -20,200000
123 1684535903 0,000000 190,600000 43,000000 43,000000 -20,200000
123 1684535904 0,000000 190,600000 43,000000 43,000000 -20,200000
123 1684535905 -0,001045 191,400000 42,800000 42,800000 -20,200000
123 1684535906 -0,001045 191,400000 42,600000 42,600000 -20,200000
123 1684535907 -0,001045 191,400000 42,400000 42,400000 -20,200000
123 1684535908 -0,001045 191,400000 42,200000 42,200000 -20,200000
123 1684535909 -0,001045 191,400000 42,000000 42,000000 -20,200000
123 1684535910 0,000000 192,000000 42,000000 42,000000 -20,200000
123 1684535911 0,000000 192,000000 42,000000 42,000000 -20,200000
123 1684535912 0,000000 192,000000 42,000000 42,000000 -20,200000
123 1684535913 0,000000 192,000000 42,000000 42,000000 -20,200000
123 1684535914 0,000000 192,000000 42,000000 42,000000 -20,200000
123 1684535915 0,000000 192,800000 42,000000 42,000000 -20,200000
123 1684535916 0,000000 192,800000 42,000000 42,000000 -20,200000
123 1684535917 0,000000 192,800000 42,000000 42,000000 -20,200000
123 1684535918 0,000000 192,800000 42,000000 42,000000 -20,200000
123 1684535919 0,000000 192,800000 42,000000 42,000000 -20,200000
123 1684535920 0,000000 193,800000 42,000000 42,000000 -20,200000
123 1684535921 0,000000 193,800000 42,000000 42,000000 -20,200000
123 1684535922 0,000000 193,800000 42,000000 42,000000 -20,200000
123 1684535923 0,000000 193,800000 42,000000 42,000000 -20,200000
123 1684535924 0,000000 193,800000 42,000000 42,000000 -20,200000
123 1684535925 -0,002058 194,400000 41,600000 41,600000 -20,200000
123 1684535926 -0,002058 194,400000 41,200000 41,200000 -20,200000
123 1684535927 -0,002058 194,400000 40,800000 40,800000 -20,200000
123 1684535928 -0,002058 194,400000 40,400000 40,400000 -20,200000
123 1684535929 -0,002058 194,400000 40,000000 40,000000 -20,200000
123 1684535930 0,002049 195,200000 40,400000 40,400000 -20,200000
123 1684535931 0,002049 195,200000 40,800000 40,800000 -20,200000
123 1684535932 0,002049 195,200000 41,200000 41,200000 -20,200000
123 1684535933 0,002049 195,200000 41,600000 41,600000 -20,200000
123 1684535934 0,002049 195,200000 42,000000 42,000000 -20,200000
123 1684535935 0,000000 196,800000 42,000000 42,000000 -20,200000
123 1684535936 0,000000 196,800000 42,000000 42,000000 -20,200000
123 1684535937 0,000000 196,800000 42,000000 42,000000 -20,200000
123 1684535938 0,000000 196,800000 42,000000 42,000000 -20,200000
123 1684535939 0,000000 196,800000 42,000000 42,000000 -20,200000
123 1684535940 0,001012 197,600000 42,200000 42,200000 -20,200000
123 1684535941 0,001012 197,600000 42,400000 42,400000 -20,200000
123 1684535942 0,001012 197,600000 42,600000 42,600000 -20,200000
123 1684535943 0,001012 197,600000 42,800000 42,800000 -20,200000
123 1684535944 0,001012 197,600000 43,000000 43,000000 -20,200000
123 1684535945 -0,004028 198,600000 42,200000 42,200000 -20,200000
123 1684535946 -0,004028 198,600000 41,400000 41,400000 -20,200000
123 1684535947 -0,004028 198,600000 40,600000 40,600000 -20,200000
123 1684535948 -0,004028 198,600000 39,800000 39,800000 -20,200000
123 1684535949 -0,004028 198,600000 39,000000 39,000000 -20,200000
123 1684535950 0,002012 198,800000 39,400000 39,400000 -20,200000
123 1684535951 0,002012 198,800000 39,800000 39,800000 -20,200000
123 1684535952 0,002012 198,800000 40,200000 40,200000 -20,200000
123 1684535953 0,002012 198,800000 40,600000 40,600000 -20,200000
123 1684535954 0,002012 198,800000 41,000000 41,000000 -20,200000
123 1684535955 -0,002002 199,800000 40,600000 40,600000 -20,200000
123 1684535956 -0,002002 199,800000 40,200000 40,200000 -20,200000
123 1684535957 -0,002002 199,800000 39,800000 39,800000 -20,200000
123 1684535958 -0,002002 199,800000 39,400000 39,400000 -20,200000
123 1684535959 -0,002002 199,800000 39,000000 39,000000 -20,200000
123 1684535960 0,004990 200,400000 40,000000 40,000000 -20,200000
123 1684535961 0,004990 200,400000 41,000000 41,000000 -20,200000
123 1684535962 0,004990 200,400000 42,000000 42,000000 -20,200000
123 1684535963 0,004990 200,400000 43,000000 43,000000 -20,200000
123 1684535964 0,004990 200,400000 44,000000 44,000000 -20,200000
123 1684535965 -0,004955 201,800000 43,000000 43,000000 -20,200000
123 1684535966 -0,004955 201,800000 42,000000 42,000000 -20,200000
123 1684535967 -0,004955 201,800000 41,000000 41,000000 -20,200000
123 1684535968 -0,004955 201,800000 40,000000 40,000000 -20,200000
123 1684535969 -0,004955 201,800000 39,000000 39,000000 -20,200000
123 1684535970 0,003949 202,600000 39,800000 39,800000 -20,200000
123 1684535971 0,003949 202,600000 40,600000 40,600000 -20,200000
123 1684535972 0,003949 202,600000 41,400000 41,400000 -20,200000
123 1684535973 0,003949 202,600000 42,200000 42,200000 -20,200000
123 1684535974 0,003949 202,600000 43,000000 43,000000 -20,200000
123 1684535975 -0,003929 203,600000 42,200000 42,200000 -20,200000
123 1684535976 -0,003929 203,600000 41,400000 41,400000 -20,200000
123 1684535977 -0,003929 203,600000 40,600000 40,600000 -20,200000
123 1684535978 -0,003929 203,600000 39,800000 39,800000 -20,200000
123 1684535979 -0,003929 203,600000 39,000000 39,000000 -20,200000
123 1684535980 0,000981 203,800000 39,200000 39,200000 -20,200000
123 1684535981 0,000981 203,800000 39,400000 39,400000 -20,200000
123 1684535982 0,000981 203,800000 39,600000 39,600000 -20,200000
123 1684535983 0,000981 203,800000 39,800000 39,800000 -20,200000
123 1684535984 0,000981 203,800000 40,000000 40,000000 -20,200000
123 1684535985 0,000976 205,000000 40,200000 40,200000 -20,200000
123 1684535986 0,000976 205,000000 40,400000 40,400000 -20,200000
123 1684535987 0,000976 205,000000 40,600000 40,600000 -20,200000
123 1684535988 0,000976 205,000000 40,800000 40,800000 -20,200000
123 1684535989 0,000976 205,000000 41,000000 41,000000 -20,200000
123 1684535990 -0,000971 206,000000 40,800000 40,800000 -20,200000
123 1684535991 -0,000971 206,000000 40,600000 40,600000 -20,200000
123 1684535992 -0,000971 206,000000 40,400000 40,400000 -20,200000
123 1684535993 -0,000971 206,000000 40,200000 40,200000 -20,200000
123 1684535994 -0,000971 206,000000 40,000000 40,000000 -20,200000
123 1684535995 0,000967 206,800000 40,200000 40,200000 -20,200000
123 1684535996 0,000967 206,800000 40,400000 40,400000 -20,200000
123 1684535997 0,000967 206,800000 40,600000 40,600000 -20,200000
123 1684535998 0,000967 206,800000 40,800000 40,800000 -20,200000
123 1684535999 0,000967 206,800000 41,000000 41,000000 -20,200000
123 1684536000 0,000963 207,600000 41,200000 41,200000 -20,200000
123 1684536001 0,000963 207,600000 41,400000 41,400000 -20,200000
123 1684536002 0,000963 207,600000 41,600000 41,600000 -20,200000
123 1684536003 0,000963 207,600000 41,800000 41,800000 -20,200000
123 1684536004 0,000963 207,600000 42,000000 42,000000 -20,200000
123 1684536005 -0,001914 209,000000 41,600000 41,600000 -20,200000
123 1684536006 -0,001914 209,000000 41,200000 41,200000 -20,200000
123 1684536007 -0,001914 209,000000 40,800000 40,800000 -20,200000
123 1684536008 -0,001914 209,000000 40,400000 40,400000 -20,200000
123 1684536009 -0,001914 209,000000 40,000000 40,000000 -20,200000
123 1684536010 0,003820 209,400000 40,800000 40,800000 -20,200000
123 1684536011 0,003820 209,400000 41,600000 41,600000 -20,200000
123 1684536012 0,003820 209,400000 42,400000 42,400000 -20,200000
123 1684536013 0,003820 209,400000 43,200000 43,200000 -20,200000
123 1684536014 0,003820 209,400000 44,000000 44,000000 -20,200000
123 1684536015 -0,002846 210,800000 43,400000 43,400000 -20,200000
123 1684536016 -0,002846 210,800000 42,800000 42,800000 -20,200000
123 1684536017 -0,002846 210,800000 42,200000 42,200000 -20,200000
123 1684536018 -0,002846 210,800000 41,600000 41,600000 -20,200000
123 1684536019 -0,002846 210,800000 41,000000 41,000000 -20,200000
123 1684536020 0,000948 211,000000 41,200000 41,200000 -20,200000
123 1684536021 0,000948 211,000000 41,400000 41,400000 -20,200000
123 1684536022 0,000948 211,000000 41,600000 41,600000 -20,200000
123 1684536023 0,000948 211,000000 41,800000 41,800000 -20,200000
123 1684536024 0,000948 211,000000 42,000000 42,000000 -20,200000
123 1684536025 0,001885 212,200000 42,400000 42,400000 -20,200000
123 1684536026 0,001885 212,200000 42,800000 42,800000 -20,200000
123 1684536027 0,001885 212,200000 43,200000 43,200000 -20,200000
123 1684536028 0,001885 212,200000 43,600000 43,600000 -20,200000
123 1684536029 0,001885 212,200000 44,000000 44,000000 -20,200000
123 1684536030 -0,000938 213,200000 43,800000 43,800000 -20,200000
123 1684536031 -0,000938 213,200000 43,600000 43,600000 -20,200000
123 1684536032 -0,000938 213,200000 43,400000 43,400000 -20,200000
123 1684536033 -0,000938 213,200000 43,200000 43,200000 -20,200000
123 1684536034 -0,000938 213,200000 43,000000 43,000000 -20,200000
123 1684536035 0,003735 214,200000 43,800000 43,800000 -20,200000
123 1684536036 0,003735 214,200000 44,600000 44,600000 -20,200000
123 1684536037 0,003735 214,200000 45,400000 45,400000 -20,200000
123 1684536038 0,003735 214,200000 46,200000 46,200000 -20,200000
123 1684536039 0,003735 214,200000 47,000000 47,000000 -20,200000
123 1684536040 -0,001859 215,200000 46,600000 46,600000 -20,200000
123 1684536041 -0,001859 215,200000 46,200000 46,200000 -20,200000
123 1684536042 -0,001859 215,200000 45,800000 45,800000 -20,200000
123 1684536043 -0,001859 215,200000 45,400000 45,400000 -20,200000
123 1684536044 -0,001859 215,200000 45,000000 45,000000 -20,200000
123 1684536045 -0,003700 216,200000 44,200000 44,200000 -20,200000
123 1684536046 -0,003700 216,200000 43,400000 43,400000 -20,200000
123 1684536047 -0,003700 216,200000 42,600000 42,600000 -20,200000
123 1684536048 -0,003700 216,200000 41,800000 41,800000 -20,200000
123 1684536049 -0,003700 216,200000 41,000000 41,000000 -20,200000
123 1684536050 0,001848 216,400000 41,400000 41,400000 -20,200000
123 1684536051 0,001848 216,400000 41,800000 41,800000 -20,200000
123 1684536052 0,001848 216,400000 42,200000 42,200000 -20,200000
123 1684536053 0,001848 216,400000 42,600000 42,600000 -20,200000
123 1684536054 0,001848 216,400000 43,000000 43,000000 -20,200000
123 1684536055 0,000000 217,200000 43,000000 43,000000 -20,200000
123 1684536056 0,000000 217,200000 43,000000 43,000000 -20,200000
123 1684536057 0,000000 217,200000 43,000000 43,000000 -20,200000
123 1684536058 0,000000 217,200000 43,000000 43,000000 -20,200000
123 1684536059 0,000000 217,200000 43,000000 43,000000 -20,200000
123 1684536060 0,001835 218,000000 43,400000 43,400000 -20,200000
123 1684536061 0,001835 218,000000 43,800000 43,800000 -20,200000
123 1684536062 0,001835 218,000000 44,200000 44,200000 -20,200000
123 1684536063 0,001835 218,000000 44,600000 44,600000 -20,200000
123 1684536064 0,001835 218,000000 45,000000 45,000000 -20,200000
123 1684536065 -0,001821 219,600000 44,600000 44,600000 -20,200000
123 1684536066 -0,001821 219,600000 44,200000 44,200000 -20,200000
123 1684536067 -0,001821 219,600000 43,800000 43,800000 -20,200000
123 1684536068 -0,001821 219,600000 43,400000 43,400000 -20,200000
123 1684536069 -0,001821 219,600000 43,000000 43,000000 -20,200000
123 1684536070 0,000000 220,200000 43,000000 43,000000 -20,200000
123 1684536071 0,000000 220,200000 43,000000 43,000000 -20,200000
123 1684536072 0,000000 220,200000 43,000000 43,000000 -20,200000
123 1684536073 0,000000 220,200000 43,000000 43,000000 -20,200000
123 1684536074 0,000000 220,200000 43,000000 43,000000 -20,200000
123 1684536075 -0,001812 220,800000 42,600000 42,600000 -20,200000
123 1684536076 -0,001812 220,800000 42,200000 42,200000 -20,200000
123 1684536077 -0,001812 220,800000 41,800000 41,800000 -20,200000
123 1684536078 -0,001812 220,800000 41,400000 41,400000 -20,200000
123 1684536079 -0,001812 220,800000 41,000000 41,000000 -20,200000
123 1684536080 0,004513 221,600000 42,000000 42,000000 -20,200000
123 1684536081 0,004513 221,600000 43,000000 43,000000 -20,200000
123 1684536082 0,004513 221,600000 44,000000 44,000000 -20,200000
123 1684536083 0,004513 221,600000 45,000000 45,000000 -20,200000
123 1684536084 0,004513 221,600000 46,000000 46,000000 -20,200000
123 1684536085 -0,003594 222,600000 45,200000 45,200000 -20,200000
123 1684536086 -0,003594 222,600000 44,400000 44,400000 -20,200000
123 1684536087 -0,003594 222,600000 43,600000 43,600000 -20,200000
123 1684536088 -0,003594 222,600000 42,800000 42,800000 -20,200000
123 1684536089 -0,003594 222,600000 42,000000 42,000000 -20,200000
123 1684536090 0,003587 223,000000 42,800000 42,800000 -20,200000
123 1684536091 0,003587 223,000000 43,600000 43,600000 -20,200000
123 1684536092 0,003587 223,000000 44,400000 44,400000 -20,200000
123 1684536093 0,003587 223,000000 45,200000 45,200000 -20,200000
123 1684536094 0,003587 223,000000 46,000000 46,000000 -20,200000
123 1684536095 -0,000892 224,200000 45,800000 45,800000 -20,200000
123 1684536096 -0,000892 224,200000 45,600000 45,600000 -20,200000
123 1684536097 -0,000892 224,200000 45,400000 45,400000 -20,200000
123 1684536098 -0,000892 224,200000 45,200000 45,200000 -20,200000
123 1684536099 -0,000892 224,200000 45,000000 45,000000 -20,200000
123 1684536100 0,000000 225,600000 45,000000 45,000000 -20,200000
123 1684536101 0,000000 225,600000 45,000000 45,000000 -20,200000
123 1684536102 0,000000 225,600000 45,000000 45,000000 -20,200000
123 1684536103 0,000000 225,600000 45,000000 45,000000 -20,200000
123 1684536104 0,000000 225,600000 45,000000 45,000000 -20,200000
123 1684536105 -0,000883 226,400000 44,800000 44,800000 -20,200000
123 1684536106 -0,000883 226,400000 44,600000 44,600000 -20,200000
123 1684536107 -0,000883 226,400000 44,400000 44,400000 -20,200000
123 1684536108 -0,000883 226,400000 44,200000 44,200000 -20,200000
123 1684536109 -0,000883 226,400000 44,000000 44,000000 -20,200000
123 1684536110 0,000000 227,000000 44,000000 44,000000 -20,200000
123 1684536111 0,000000 227,000000 44,000000 44,000000 -20,200000
123 1684536112 0,000000 227,000000 44,000000 44,000000 -20,200000
123 1684536113 0,000000 227,000000 44,000000 44,000000 -20,200000
123 1684536114 0,000000 227,000000 44,000000 44,000000 -20,200000
123 1684536115 -0,000877 228,000000 43,800000 43,800000 -20,200000
