11 1684295184 0,400000 -1,000000 -101,000000 0,000000 0,000000
11 1684295185 0,400000 -1,000000 -101,000000 0,000000 0,000000
11 1684295186 0,400000 -1,000000 -101,000000 0,000000 0,000000
11 1684295187 0,400000 -1,000000 -101,000000 0,000000 0,000000
11 1684295188 0,400000 -1,000000 -101,000000 0,000000 0,000000
11 1684295189 0,800000 -1,000000 -101,000000 0,000000 0,000000
11 1684295190 0,800000 -1,000000 -101,000000 0,000000 0,000000
11 1684295191 0,800000 -1,000000 -101,000000 0,000000 0,000000
11 1684295192 0,800000 -1,000000 -101,000000 0,000000 0,000000
11 1684295193 0,800000 -1,000000 -101,000000 0,000000 0,000000
11 1684295194 1,800000 -1,000000 -101,000000 0,000000 0,000000
11 1684295195 1,800000 -1,000000 -101,000000 0,000000 0,000000
11 1684295196 1,800000 -1,000000 -101,000000 0,000000 0,000000
11 1684295197 1,800000 -1,000000 -101,000000 0,000000 0,000000
11 1684295198 1,800000 -1,000000 -101,000000 0,000000 0,000000
11 1684295199 2,400000 -1,000000 -101,000000 0,000000 0,000000
11 1684295200 2,400000 -1,000000 -101,000000 0,000000 0,000000
11 1684295201 2,400000 -1,000000 -101,000000 0,000000 0,000000
11 1684295202 2,400000 -1,000000 -101,000000 0,000000 0,000000
11 1684295203 2,400000 -1,000000 -101,000000 0,000000 0,000000
11 1684295204 1,400000 -1,000000 -101,000000 0,000000 0,000000
11 1684295205 1,400000 -1,000000 -101,000000 0,000000 0,000000
11 1684295206 1,400000 -1,000000 -101,000000 0,000000 0,000000
11 1684295207 1,400000 -1,000000 -101,000000 0,000000 0,000000
11 1684295208 1,400000 -1,000000 -101,000000 0,000000 0,000000
11 1684295209 0,800000 -1,000000 -101,000000 0,000000 0,000000
11 1684295210 0,800000 -1,000000 -101,000000 0,000000 0,000000
11 1684295211 0,800000 -1,000000 -101,000000 0,000000 0,000000
11 1684295212 0,800000 -1,000000 -101,000000 0,000000 0,000000
11 1684295213 0,800000 -1,000000 -101,000000 0,000000 0,000000
11 1684295214 1,600000 -1,000000 -101,000000 0,000000 0,000000
11 1684295215 1,600000 -1,000000 -101,000000 0,000000 0,000000
11 1684295216 1,600000 -1,000000 -101,000000 0,000000 0,000000
11 1684295217 1,600000 -1,000000 -101,000000 0,000000 0,000000
11 1684295218 1,600000 -1,000000 -101,000000 0,000000 0,000000
11 1684295219 1,800000 -1,000000 -101,000000 0,000000 0,000000
11 1684295220 1,800000 -1,000000 -101,000000 0,000000 0,000000
11 1684295221 1,800000 -1,000000 -101,000000 0,000000 0,000000
11 1684295222 1,800000 -1,000000 -101,000000 0,000000 0,000000
11 1684295223 1,800000 -1,000000 -101,000000 0,000000 0,000000
11 1684295224 1,400000 -1,000000 -101,000000 0,000000 0,000000
11 1684295225 1,400000 -1,000000 -101,000000 0,000000 0,000000
11 1684295226 1,400000 -1,000000 -101,000000 0,000000 0,000000
11 1684295227 1,400000 -1,000000 -101,000000 0,000000 0,000000
11 1684295228 1,400000 -1,000000 -101,000000 0,000000 0,000000
11 1684295229 2,600000 -1,000000 -101,000000 0,000000 0,000000
11 1684295230 2,600000 -1,000000 -101,000000 0,000000 0,000000
11 1684295231 2,600000 -1,000000 -101,000000 0,000000 0,000000
11 1684295232 2,600000 -1,000000 -101,000000 0,000000 0,000000
11 1684295233 2,600000 -1,000000 -101,000000 0,000000 0,000000
11 1684295234 0,800000 -1,000000 -101,000000 0,000000 0,000000
11 1684295235 0,800000 -1,000000 -101,000000 0,000000 0,000000
11 1684295236 0,800000 -1,000000 -101,000000 0,000000 0,000000
11 1684295237 0,800000 -1,000000 -101,000000 0,000000 0,000000
11 1684295238 0,800000 -1,000000 -101,000000 0,000000 0,000000
11 1684295239 2,200000 -1,000000 -101,000000 0,000000 0,000000
11 1684295240 2,200000 -1,000000 -101,000000 0,000000 0,000000
11 1684295241 2,200000 -1,000000 -101,000000 0,000000 0,000000
11 1684295242 2,200000 -1,000000 -101,000000 0,000000 0,000000
11 1684295243 2,200000 -1,000000 -101,000000 0,000000 0,000000
11 1684295244 0,200000 -1,000000 -101,000000 0,000000 0,000000
11 1684295245 0,200000 -1,000000 -101,000000 0,000000 0,000000
11 1684295246 0,200000 -1,000000 -101,000000 0,000000 0,000000
11 1684295247 0,200000 -1,000000 -101,000000 0,000000 0,000000
11 1684295248 0,200000 -1,000000 -101,000000 0,000000 0,000000
11 1684295249 0,200000 -1,000000 -101,000000 0,000000 0,000000
11 1684295250 0,200000 -1,000000 -101,000000 0,000000 0,000000
11 1684295251 0,200000 -1,000000 -101,000000 0,000000 0,000000
11 1684295252 0,200000 -1,000000 -101,000000 0,000000 0,000000
11 1684295253 0,200000 -1,000000 -101,000000 0,000000 0,000000
11 1684295254 1,000000 -1,000000 -101,000000 0,000000 0,000000
11 1684295255 1,000000 -1,000000 -101,000000 0,000000 0,000000
11 1684295256 1,000000 -1,000000 -101,000000 0,000000 0,000000
11 1684295257 1,000000 -1,000000 -101,000000 0,000000 0,000000
11 1684295258 1,000000 -1,000000 -101,000000 0,000000 0,000000
11 1684295259 0,200000 -1,000000 -101,000000 0,000000 0,000000
11 1684295260 0,200000 -1,000000 -101,000000 0,000000 0,000000
11 1684295261 0,200000 -1,000000 -101,000000 0,000000 0,000000
11 1684295262 0,200000 -1,000000 -101,000000 0,000000 0,000000
11 1684295263 0,200000 -1,000000 -101,000000 0,000000 0,000000
11 1684295264 0,600000 -1,000000 -101,000000 0,000000 0,000000
11 1684295265 0,600000 -1,000000 -101,000000 0,000000 0,000000
11 1684295266 0,600000 -1,000000 -101,000000 0,000000 0,000000
11 1684295267 0,600000 -1,000000 -101,000000 0,000000 0,000000
11 1684295268 0,600000 -1,000000 -101,000000 0,000000 0,000000
11 1684295269 1,600000 -1,000000 -101,000000 0,000000 0,000000
11 1684295270 1,600000 -1,000000 -101,000000 0,000000 0,000000
11 1684295271 1,600000 -1,000000 -101,000000 0,000000 0,000000
11 1684295272 1,600000 -1,000000 -101,000000 0,000000 0,000000
11 1684295273 1,600000 -1,000000 -101,000000 0,000000 0,000000
11 1684295274 1,000000 -1,000000 -101,000000 0,000000 0,000000
11 1684295275 1,000000 -1,000000 -101,000000 0,000000 0,000000
11 1684295276 1,000000 -1,000000 -101,000000 0,000000 0,000000
11 1684295277 1,000000 -1,000000 -101,000000 0,000000 0,000000
11 1684295278 1,000000 -1,000000 -101,000000 0,000000 0,000000
11 1684295279 0,800000 -1,000000 -101,000000 0,000000 0,000000
11 1684295280 0,800000 -1,000000 -101,000000 0,000000 0,000000
11 1684295281 0,800000 -1,000000 -101,000000 0,000000 0,000000
11 1684295282 0,800000 -1,000000 -101,000000 0,000000 0,000000
11 1684295283 0,800000 -1,000000 -101,000000 0,000000 0,000000
11 1684295284 1,800000 -1,000000 -101,000000 0,000000 0,000000
11 1684295285 1,800000 -1,000000 -101,000000 0,000000 0,000000
11 1684295286 1,800000 -1,000000 -101,000000 0,000000 0,000000
11 1684295287 1,800000 -1,000000 -101,000000 0,000000 0,000000
11 1684295288 1,800000 -1,000000 -101,000000 0,000000 0,000000
11 1684295289 0,800000 -1,000000 -101,000000 0,000000 0,000000
11 1684295290 0,800000 -1,000000 -101,000000 0,000000 0,000000
11 1684295291 0,800000 -1,000000 -101,000000 0,000000 0,000000
11 1684295292 0,800000 -1,000000 -101,000000 0,000000 0,000000
11 1684295293 0,800000 -1,000000 -101,000000 0,000000 0,000000
11 1684295294 1,200000 -1,000000 -101,000000 0,000000 0,000000
11 1684295295 1,200000 -1,000000 -101,000000 0,000000 0,000000
11 1684295296 1,200000 -1,000000 -101,000000 0,000000 0,000000
11 1684295297 1,200000 -1,000000 -101,000000 0,000000 0,000000
11 1684295298 1,200000 -1,000000 -101,000000 0,000000 0,000000
11 1684295299 0,400000 -1,000000 -101,000000 0,000000 0,000000
11 1684295300 0,400000 -1,000000 -101,000000 0,000000 0,000000
11 1684295301 0,400000 -1,000000 -101,000000 0,000000 0,000000
11 1684295302 0,400000 -1,000000 -101,000000 0,000000 0,000000
11 1684295303 0,400000 -1,000000 -101,000000 0,000000 0,000000
11 1684295304 1,200000 -1,000000 -101,000000 0,000000 0,000000
11 1684295305 1,200000 -1,000000 -101,000000 0,000000 0,000000
11 1684295306 1,200000 -1,000000 -101,000000 0,000000 0,000000
11 1684295307 1,200000 -1,000000 -101,000000 0,000000 0,000000
11 1684295308 1,200000 -1,000000 -101,000000 0,000000 0,000000
11 1684295309 0,400000 -1,000000 -101,000000 0,000000 0,000000
11 1684295310 0,400000 -1,000000 -101,000000 0,000000 0,000000
11 1684295311 0,400000 -1,000000 -101,000000 0,000000 0,000000
11 1684295312 0,400000 -1,000000 -101,000000 0,000000 0,000000
11 1684295313 0,400000 -1,000000 -101,000000 0,000000 0,000000
11 1684295314 1,600000 -1,000000 -101,000000 0,000000 0,000000
11 1684295315 1,600000 -1,000000 -101,000000 0,000000 0,000000
11 1684295316 1,600000 -1,000000 -101,000000 0,000000 0,000000
11 1684295317 1,600000 -1,000000 -101,000000 0,000000 0,000000
11 1684295318 1,600000 -1,000000 -101,000000 0,000000 0,000000
11 1684295319 1,200000 -1,000000 -101,000000 0,000000 0,000000
11 1684295320 1,200000 -1,000000 -101,000000 0,000000 0,000000
11 1684295321 1,200000 -1,000000 -101,000000 0,000000 0,000000
11 1684295322 1,200000 -1,000000 -101,000000 0,000000 0,000000
11 1684295323 1,200000 -1,000000 -101,000000 0,000000 0,000000
11 1684295324 2,400000 -1,000000 -101,000000 0,000000 0,000000
11 1684295325 2,400000 -1,000000 -101,000000 0,000000 0,000000
11 1684295326 2,400000 -1,000000 -101,000000 0,000000 0,000000
11 1684295327 2,400000 -1,000000 -101,000000 0,000000 0,000000
11 1684295328 2,400000 -1,000000 -101,000000 0,000000 0,000000
11 1684295329 2,000000 -1,000000 -101,000000 0,000000 0,000000
11 1684295330 2,000000 -1,000000 -101,000000 0,000000 0,000000
11 1684295331 2,000000 -1,000000 -101,000000 0,000000 0,000000
11 1684295332 2,000000 -1,000000 -101,000000 0,000000 0,000000
11 1684295333 2,000000 -1,000000 -101,000000 0,000000 0,000000
11 1684295334 0,200000 -1,000000 -101,000000 0,000000 0,000000
11 1684295335 0,200000 -1,000000 -101,000000 0,000000 0,000000
11 1684295336 0,200000 -1,000000 -101,000000 0,000000 0,000000
11 1684295337 0,200000 -1,000000 -101,000000 0,000000 0,000000
11 1684295338 0,200000 -1,000000 -101,000000 0,000000 0,000000
11 1684295339 1,000000 -1,000000 -101,000000 0,000000 0,000000
11 1684295340 1,000000 -1,000000 -101,000000 0,000000 0,000000
11 1684295341 1,000000 -1,000000 -101,000000 0,000000 0,000000
11 1684295342 1,000000 -1,000000 -101,000000 0,000000 0,000000
11 1684295343 1,000000 -1,000000 -101,000000 0,000000 0,000000
11 1684295344 0,200000 -1,000000 -101,000000 0,000000 0,000000
11 1684295345 0,200000 -1,000000 -101,000000 0,000000 0,000000
11 1684295346 0,200000 -1,000000 -101,000000 0,000000 0,000000
11 1684295347 0,200000 -1,000000 -101,000000 0,000000 0,000000
11 1684295348 0,200000 -1,000000 -101,000000 0,000000 0,000000
11 1684295349 0,400000 -1,000000 -101,000000 0,000000 0,000000
11 1684295350 0,400000 -1,000000 -101,000000 0,000000 0,000000
11 1684295351 0,400000 -1,000000 -101,000000 0,000000 0,000000
11 1684295352 0,400000 -1,000000 -101,000000 0,000000 0,000000
11 1684295353 0,400000 -1,000000 -101,000000 0,000000 0,000000
11 1684295354 1,600000 -1,000000 -101,000000 0,000000 0,000000
11 1684295355 1,600000 -1,000000 -101,000000 0,000000 0,000000
11 1684295356 1,600000 -1,000000 -101,000000 0,000000 0,000000
11 1684295357 1,600000 -1,000000 -101,000000 0,000000 0,000000
11 1684295358 1,600000 -1,000000 -101,000000 0,000000 0,000000
11 1684295359 0,600000 -1,000000 -101,000000 0,000000 0,000000
11 1684295360 0,600000 -1,000000 -101,000000 0,000000 0,000000
11 1684295361 0,600000 -1,000000 -101,000000 0,000000 0,000000
11 1684295362 0,600000 -1,000000 -101,000000 0,000000 0,000000
11 1684295363 0,600000 -1,000000 -101,000000 0,000000 0,000000
11 1684295364 1,800000 -1,000000 -101,000000 0,000000 0,000000
11 1684295365 1,800000 -1,000000 -101,000000 0,000000 0,000000
11 1684295366 1,800000 -1,000000 -101,000000 0,000000 0,000000
11 1684295367 1,800000 -1,000000 -101,000000 0,000000 0,000000
11 1684295368 1,800000 -1,000000 -101,000000 0,000000 0,000000
11 1684295369 1,200000 -1,000000 -101,000000 0,000000 0,000000
11 1684295370 1,200000 -1,000000 -101,000000 0,000000 0,000000
11 1684295371 1,200000 -1,000000 -101,000000 0,000000 0,000000
11 1684295372 1,200000 -1,000000 -101,000000 0,000000 0,000000
11 1684295373 1,200000 -1,000000 -101,000000 0,000000 0,000000
11 1684295374 0,600000 -1,000000 -101,000000 0,000000 0,000000
11 1684295375 0,600000 -1,000000 -101,000000 0,000000 0,000000
11 1684295376 0,600000 -1,000000 -101,000000 0,000000 0,000000
11 1684295377 0,600000 -1,000000 -101,000000 0,000000 0,000000
11 1684295378 0,600000 -1,000000 -101,000000 0,000000 0,000000
11 1684295379 1,600000 -1,000000 -101,000000 0,000000 0,000000
11 1684295380 1,600000 -1,000000 -101,000000 0,000000 0,000000
11 1684295381 1,600000 -1,000000 -101,000000 0,000000 0,000000
11 1684295382 1,600000 -1,000000 -101,000000 0,000000 0,000000
11 1684295383 1,600000 -1,000000 -101,000000 0,000000 0,000000
11 1684295384 0,200000 -1,000000 -101,000000 0,000000 0,000000
11 1684295385 0,200000 -1,000000 -101,000000 0,000000 0,000000
11 1684295386 0,200000 -1,000000 -101,000000 0,000000 0,000000
11 1684295387 0,200000 -1,000000 -101,000000 0,000000 0,000000
11 1684295388 0,200000 -1,000000 -101,000000 0,000000 0,000000
11 1684295389 0,600000 -1,000000 -101,000000 0,000000 0,000000
11 1684295390 0,600000 -1,000000 -101,000000 0,000000 0,000000
11 1684295391 0,600000 -1,000000 -101,000000 0,000000 0,000000
11 1684295392 0,600000 -1,000000 -101,000000 0,000000 0,000000
11 1684295393 0,600000 -1,000000 -101,000000 0,000000 0,000000
11 1684295394 1,200000 -1,000000 -101,000000 0,000000 0,000000
11 1684295395 1,200000 -1,000000 -101,000000 0,000000 0,000000
11 1684295396 1,200000 -1,000000 -101,000000 0,000000 0,000000
11 1684295397 1,200000 -1,000000 -101,000000 0,000000 0,000000
11 1684295398 1,200000 -1,000000 -101,000000 0,000000 0,000000
11 1684295399 2,000000 -1,000000 -101,000000 0,000000 0,000000
11 1684295400 2,000000 -1,000000 -101,000000 0,000000 0,000000
11 1684295401 2,000000 -1,000000 -101,000000 0,000000 0,000000
11 1684295402 2,000000 -1,000000 -101,000000 0,000000 0,000000
11 1684295403 2,000000 -1,000000 -101,000000 0,000000 0,000000
11 1684295404 1,400000 -1,000000 -101,000000 0,000000 0,000000
11 1684295405 1,400000 -1,000000 -101,000000 0,000000 0,000000
11 1684295406 1,400000 -1,000000 -101,000000 0,000000 0,000000
11 1684295407 1,400000 -1,000000 -101,000000 0,000000 0,000000
11 1684295408 1,400000 -1,000000 -101,000000 0,000000 0,000000
11 1684295409 1,200000 -1,000000 -101,000000 0,000000 0,000000
11 1684295410 1,200000 -1,000000 -101,000000 0,000000 0,000000
11 1684295411 1,200000 -1,000000 -101,000000 0,000000 0,000000
11 1684295412 1,200000 -1,000000 -101,000000 0,000000 0,000000
11 1684295413 1,200000 -1,000000 -101,000000 0,000000 0,000000
11 1684295414 0,200000 -1,000000 -101,000000 0,000000 0,000000
11 1684295415 0,200000 -1,000000 -101,000000 0,000000 0,000000
11 1684295416 0,200000 -1,000000 -101,000000 0,000000 0,000000
11 1684295417 0,200000 -1,000000 -101,000000 0,000000 0,000000
11 1684295418 0,200000 -1,000000 -101,000000 0,000000 0,000000
11 1684295419 0,600000 -1,000000 -101,000000 0,000000 0,000000
11 1684295420 0,600000 -1,000000 -101,000000 0,000000 0,000000
11 1684295421 0,600000 -1,000000 -101,000000 0,000000 0,000000
11 1684295422 0,600000 -1,000000 -101,000000 0,000000 0,000000
11 1684295423 0,600000 -1,000000 -101,000000 0,000000 0,000000
11 1684295424 1,400000 -1,000000 -101,000000 0,000000 0,000000
11 1684295425 1,400000 -1,000000 -101,000000 0,000000 0,000000
11 1684295426 1,400000 -1,000000 -101,000000 0,000000 0,000000
11 1684295427 1,400000 -1,000000 -101,000000 0,000000 0,000000
11 1684295428 1,400000 -1,000000 -101,000000 0,000000 0,000000
11 1684295429 0,600000 -1,000000 -101,000000 0,000000 0,000000
11 1684295430 0,600000 -1,000000 -101,000000 0,000000 0,000000
11 1684295431 0,600000 -1,000000 -101,000000 0,000000 0,000000
11 1684295432 0,600000 -1,000000 -101,000000 0,000000 0,000000
11 1684295433 0,600000 -1,000000 -101,000000 0,000000 0,000000
11 1684295434 1,400000 -1,000000 -101,000000 0,000000 0,000000
11 1684295435 1,400000 -1,000000 -101,000000 0,000000 0,000000
11 1684295436 1,400000 -1,000000 -101,000000 0,000000 0,000000
11 1684295437 1,400000 -1,000000 -101,000000 0,000000 0,000000
11 1684295438 1,400000 -1,000000 -101,000000 0,000000 0,000000
11 1684295439 3,200000 -1,000000 -101,000000 0,000000 0,000000
11 1684295440 3,200000 -1,000000 -101,000000 0,000000 0,000000
11 1684295441 3,200000 -1,000000 -101,000000 0,000000 0,000000
11 1684295442 3,200000 -1,000000 -101,000000 0,000000 0,000000
11 1684295443 3,200000 -1,000000 -101,000000 0,000000 0,000000
11 1684295444 0,400000 -1,000000 -101,000000 0,000000 0,000000
11 1684295445 0,400000 -1,000000 -101,000000 0,000000 0,000000
11 1684295446 0,400000 -1,000000 -101,000000 0,000000 0,000000
11 1684295447 0,400000 -1,000000 -101,000000 0,000000 0,000000
11 1684295448 0,400000 -1,000000 -101,000000 0,000000 0,000000
11 1684295449 1,200000 -1,000000 -101,000000 0,000000 0,000000
11 1684295450 1,200000 -1,000000 -101,000000 0,000000 0,000000
11 1684295451 1,200000 -1,000000 -101,000000 0,000000 0,000000
11 1684295452 1,200000 -1,000000 -101,000000 0,000000 0,000000
11 1684295453 1,200000 -1,000000 -101,000000 0,000000 0,000000
11 1684295464 0,400000 -1,000000 -101,000000 0,000000 0,000000
11 1684295465 0,400000 -1,000000 -101,000000 0,000000 0,000000
11 1684295466 0,400000 -1,000000 -101,000000 0,000000 0,000000
11 1684295467 0,400000 -1,000000 -101,000000 0,000000 0,000000
11 1684295468 0,400000 -1,000000 -101,000000 0,000000 0,000000
11 1684295469 2,000000 -1,000000 -101,000000 0,000000 0,000000
11 1684295470 2,000000 -1,000000 -101,000000 0,000000 0,000000
11 1684295471 2,000000 -1,000000 -101,000000 0,000000 0,000000
11 1684295472 2,000000 -1,000000 -101,000000 0,000000 0,000000
11 1684295473 2,000000 -1,000000 -101,000000 0,000000 0,000000
11 1684295474 3,000000 -1,000000 -101,000000 0,000000 0,000000
11 1684295475 3,000000 -1,000000 -101,000000 0,000000 0,000000
11 1684295476 3,000000 -1,000000 -101,000000 0,000000 0,000000
11 1684295477 3,000000 -1,000000 -101,000000 0,000000 0,000000
11 1684295478 3,000000 -1,000000 -101,000000 0,000000 0,000000
11 1684295479 2,400000 -1,000000 -101,000000 0,000000 0,000000
11 1684295480 2,400000 -1,000000 -101,000000 0,000000 0,000000
11 1684295481 2,400000 -1,000000 -101,000000 0,000000 0,000000
11 1684295482 2,400000 -1,000000 -101,000000 0,000000 0,000000
11 1684295483 2,400000 -1,000000 -101,000000 0,000000 0,000000
11 1684295484 1,000000 -1,000000 -101,000000 0,000000 0,000000
11 1684295485 1,000000 -1,000000 -101,000000 0,000000 0,000000
11 1684295486 1,000000 -1,000000 -101,000000 0,000000 0,000000
11 1684295487 1,000000 -1,000000 -101,000000 0,000000 0,000000
11 1684295488 1,000000 -1,000000 -101,000000 0,000000 0,000000
11 1684295489 0,800000 -1,000000 -101,000000 0,000000 0,000000
11 1684295490 0,800000 -1,000000 -101,000000 0,000000 0,000000
11 1684295491 0,800000 -1,000000 -101,000000 0,000000 0,000000
11 1684295492 0,800000 -1,000000 -101,000000 0,000000 0,000000
11 1684295493 0,800000 -1,000000 -101,000000 0,000000 0,000000
11 1684295494 2,200000 -1,000000 -101,000000 0,000000 0,000000
11 1684295495 2,200000 -1,000000 -101,000000 0,000000 0,000000
11 1684295496 2,200000 -1,000000 -101,000000 0,000000 0,000000
11 1684295497 2,200000 -1,000000 -101,000000 0,000000 0,000000
11 1684295498 2,200000 -1,000000 -101,000000 0,000000 0,000000
11 1684295504 0,200000 -1,000000 -101,000000 0,000000 0,000000
11 1684295505 0,200000 -1,000000 -101,000000 0,000000 0,000000
11 1684295506 0,200000 -1,000000 -101,000000 0,000000 0,000000
11 1684295507 0,200000 -1,000000 -101,000000 0,000000 0,000000
11 1684295508 0,200000 -1,000000 -101,000000 0,000000 0,000000
11 1684295509 0,400000 -1,000000 -101,000000 0,000000 0,000000
11 1684295510 0,400000 -1,000000 -101,000000 0,000000 0,000000
11 1684295511 0,400000 -1,000000 -101,000000 0,000000 0,000000
11 1684295512 0,400000 -1,000000 -101,000000 0,000000 0,000000
11 1684295513 0,400000 -1,000000 -101,000000 0,000000 0,000000
11 1684295514 1,600000 -1,000000 -101,000000 0,000000 0,000000
11 1684295515 1,600000 -1,000000 -101,000000 0,000000 0,000000
11 1684295516 1,600000 -1,000000 -101,000000 0,000000 0,000000
11 1684295517 1,600000 -1,000000 -101,000000 0,000000 0,000000
11 1684295518 1,600000 -1,000000 -101,000000 0,000000 0,000000
11 1684295519 1,600000 -1,000000 -101,000000 0,000000 0,000000
11 1684295520 1,600000 -1,000000 -101,000000 0,000000 0,000000
11 1684295521 1,600000 -1,000000 -101,000000 0,000000 0,000000
11 1684295522 1,600000 -1,000000 -101,000000 0,000000 0,000000
11 1684295523 1,600000 -1,000000 -101,000000 0,000000 0,000000
11 1684295524 1,800000 -1,000000 -101,000000 0,000000 0,000000
11 1684295525 1,800000 -1,000000 -101,000000 0,000000 0,000000
11 1684295526 1,800000 -1,000000 -101,000000 0,000000 0,000000
11 1684295527 1,800000 -1,000000 -101,000000 0,000000 0,000000
11 1684295528 1,800000 -1,000000 -101,000000 0,000000 0,000000
11 1684295529 0,600000 -1,000000 -101,000000 0,000000 0,000000
11 1684295530 0,600000 -1,000000 -101,000000 0,000000 0,000000
11 1684295531 0,600000 -1,000000 -101,000000 0,000000 0,000000
11 1684295532 0,600000 -1,000000 -101,000000 0,000000 0,000000
11 1684295533 0,600000 -1,000000 -101,000000 0,000000 0,000000
11 1684295534 1,800000 -1,000000 -101,000000 0,000000 0,000000
11 1684295535 1,800000 -1,000000 -101,000000 0,000000 0,000000
11 1684295536 1,800000 -1,000000 -101,000000 0,000000 0,000000
11 1684295537 1,800000 -1,000000 -101,000000 0,000000 0,000000
11 1684295538 1,800000 -1,000000 -101,000000 0,000000 0,000000
11 1684295539 0,200000 -1,000000 -101,000000 0,000000 0,000000
11 1684295540 0,200000 -1,000000 -101,000000 0,000000 0,000000
11 1684295541 0,200000 -1,000000 -101,000000 0,000000 0,000000
11 1684295542 0,200000 -1,000000 -101,000000 0,000000 0,000000
11 1684295543 0,200000 -1,000000 -101,000000 0,000000 0,000000
11 1684295544 0,200000 -1,000000 -101,000000 0,000000 0,000000
11 1684295545 0,200000 -1,000000 -101,000000 0,000000 0,000000
11 1684295546 0,200000 -1,000000 -101,000000 0,000000 0,000000
11 1684295547 0,200000 -1,000000 -101,000000 0,000000 0,000000
11 1684295548 0,200000 -1,000000 -101,000000 0,000000 0,000000
11 1684295549 1,000000 -1,000000 -101,000000 0,000000 0,000000
11 1684295550 1,000000 -1,000000 -101,000000 0,000000 0,000000
11 1684295551 1,000000 -1,000000 -101,000000 0,000000 0,000000
11 1684295552 1,000000 -1,000000 -101,000000 0,000000 0,000000
11 1684295553 1,000000 -1,000000 -101,000000 0,000000 0,000000
11 1684295554 0,400000 -1,000000 -101,000000 0,000000 0,000000
11 1684295555 0,400000 -1,000000 -101,000000 0,000000 0,000000
11 1684295556 0,400000 -1,000000 -101,000000 0,000000 0,000000
11 1684295557 0,400000 -1,000000 -101,000000 0,000000 0,000000
11 1684295558 0,400000 -1,000000 -101,000000 0,000000 0,000000
11 1684295559 0,800000 -1,000000 -101,000000 0,000000 0,000000
11 1684295560 0,800000 -1,000000 -101,000000 0,000000 0,000000
11 1684295561 0,800000 -1,000000 -101,000000 0,000000 0,000000
11 1684295562 0,800000 -1,000000 -101,000000 0,000000 0,000000
11 1684295563 0,800000 -1,000000 -101,000000 0,000000 0,000000
11 1684295564 2,400000 -1,000000 -101,000000 0,000000 0,000000
11 1684295565 2,400000 -1,000000 -101,000000 0,000000 0,000000
11 1684295566 2,400000 -1,000000 -101,000000 0,000000 0,000000
11 1684295567 2,400000 -1,000000 -101,000000 0,000000 0,000000
11 1684295568 2,400000 -1,000000 -101,000000 0,000000 0,000000
11 1684295569 0,600000 -1,000000 -101,000000 0,000000 0,000000
11 1684295570 0,600000 -1,000000 -101,000000 0,000000 0,000000
11 1684295571 0,600000 -1,000000 -101,000000 0,000000 0,000000
11 1684295572 0,600000 -1,000000 -101,000000 0,000000 0,000000
11 1684295573 0,600000 -1,000000 -101,000000 0,000000 0,000000
11 1684295574 1,200000 -1,000000 -101,000000 0,000000 0,000000
11 1684295575 1,200000 -1,000000 -101,000000 0,000000 0,000000
11 1684295576 1,200000 -1,000000 -101,000000 0,000000 0,000000
11 1684295577 1,200000 -1,000000 -101,000000 0,000000 0,000000
11 1684295578 1,200000 -1,000000 -101,000000 0,000000 0,000000
11 1684295579 1,400000 -1,000000 -101,000000 0,000000 0,000000
11 1684295580 1,400000 -1,000000 -101,000000 0,000000 0,000000
11 1684295581 1,400000 -1,000000 -101,000000 0,000000 0,000000
11 1684295582 1,400000 -1,000000 -101,000000 0,000000 0,000000
11 1684295583 1,400000 -1,000000 -101,000000 0,000000 0,000000
11 1684295584 1,800000 -1,000000 -101,000000 0,000000 0,000000
11 1684295585 1,800000 -1,000000 -101,000000 0,000000 0,000000
11 1684295586 1,800000 -1,000000 -101,000000 0,000000 0,000000
11 1684295587 1,800000 -1,000000 -101,000000 0,000000 0,000000
11 1684295588 1,800000 -1,000000 -101,000000 0,000000 0,000000
11 1684295589 1,000000 -1,000000 -101,000000 0,000000 0,000000
11 1684295590 1,000000 -1,000000 -101,000000 0,000000 0,000000
11 1684295591 1,000000 -1,000000 -101,000000 0,000000 0,000000
11 1684295592 1,000000 -1,000000 -101,000000 0,000000 0,000000
11 1684295593 1,000000 -1,000000 -101,000000 0,000000 0,000000
11 1684295594 0,200000 -1,000000 -101,000000 0,000000 0,000000
11 1684295595 0,200000 -1,000000 -101,000000 0,000000 0,000000
11 1684295596 0,200000 -1,000000 -101,000000 0,000000 0,000000
11 1684295597 0,200000 -1,000000 -101,000000 0,000000 0,000000
11 1684295598 0,200000 -1,000000 -101,000000 0,000000 0,000000
11 1684295599 0,600000 -1,000000 -101,000000 0,000000 0,000000
11 1684295600 0,600000 -1,000000 -101,000000 0,000000 0,000000
11 1684295601 0,600000 -1,000000 -101,000000 0,000000 0,000000
11 1684295602 0,600000 -1,000000 -101,000000 0,000000 0,000000
11 1684295603 0,600000 -1,000000 -101,000000 0,000000 0,000000
11 1684295604 1,200000 -1,000000 -101,000000 0,000000 0,000000
11 1684295605 1,200000 -1,000000 -101,000000 0,000000 0,000000
11 1684295606 1,200000 -1,000000 -101,000000 0,000000 0,000000
11 1684295607 1,200000 -1,000000 -101,000000 0,000000 0,000000
11 1684295608 1,200000 -1,000000 -101,000000 0,000000 0,000000
11 1684295609 2,800000 -1,000000 -101,000000 0,000000 0,000000
11 1684295610 2,800000 -1,000000 -101,000000 0,000000 0,000000
11 1684295611 2,800000 -1,000000 -101,000000 0,000000 0,000000
11 1684295612 2,800000 -1,000000 -101,000000 0,000000 0,000000
11 1684295613 2,800000 -1,000000 -101,000000 0,000000 0,000000
11 1684295614 0,600000 -1,000000 -101,000000 0,000000 0,000000
11 1684295615 0,600000 -1,000000 -101,000000 0,000000 0,000000
11 1684295616 0,600000 -1,000000 -101,000000 0,000000 0,000000
11 1684295617 0,600000 -1,000000 -101,000000 0,000000 0,000000
11 1684295618 0,600000 -1,000000 -101,000000 0,000000 0,000000
11 1684295619 1,600000 -1,000000 -101,000000 0,000000 0,000000
11 1684295620 1,600000 -1,000000 -101,000000 0,000000 0,000000
11 1684295621 1,600000 -1,000000 -101,000000 0,000000 0,000000
11 1684295622 1,600000 -1,000000 -101,000000 0,000000 0,000000
11 1684295623 1,600000 -1,000000 -101,000000 0,000000 0,000000
11 1684295624 1,400000 -1,000000 -101,000000 0,000000 0,000000
11 1684295625 1,400000 -1,000000 -101,000000 0,000000 0,000000
11 1684295626 1,400000 -1,000000 -101,000000 0,000000 0,000000
11 1684295627 1,400000 -1,000000 -101,000000 0,000000 0,000000
11 1684295628 1,400000 -1,000000 -101,000000 0,000000 0,000000
11 1684295629 0,200000 -1,000000 -101,000000 0,000000 0,000000
11 1684295630 0,200000 -1,000000 -101,000000 0,000000 0,000000
11 1684295631 0,200000 -1,000000 -101,000000 0,000000 0,000000
11 1684295632 0,200000 -1,000000 -101,000000 0,000000 0,000000
11 1684295633 0,200000 -1,000000 -101,000000 0,000000 0,000000
11 1684295634 0,600000 -1,000000 -101,000000 0,000000 0,000000
11 1684295635 0,600000 -1,000000 -101,000000 0,000000 0,000000
11 1684295636 0,600000 -1,000000 -101,000000 0,000000 0,000000
11 1684295637 0,600000 -1,000000 -101,000000 0,000000 0,000000
11 1684295638 0,600000 -1,000000 -101,000000 0,000000 0,000000
11 1684295639 0,200000 -1,000000 -101,000000 0,000000 0,000000
11 1684295640 0,200000 -1,000000 -101,000000 0,000000 0,000000
11 1684295641 0,200000 -1,000000 -101,000000 0,000000 0,000000
11 1684295642 0,200000 -1,000000 -101,000000 0,000000 0,000000
11 1684295643 0,200000 -1,000000 -101,000000 0,000000 0,000000
11 1684295644 0,400000 -1,000000 -101,000000 0,000000 0,000000
11 1684295645 0,400000 -1,000000 -101,000000 0,000000 0,000000
11 1684295646 0,400000 -1,000000 -101,000000 0,000000 0,000000
11 1684295647 0,400000 -1,000000 -101,000000 0,000000 0,000000
11 1684295648 0,400000 -1,000000 -101,000000 0,000000 0,000000
11 1684295649 1,600000 -1,000000 -101,000000 0,000000 0,000000
11 1684295650 1,600000 -1,000000 -101,000000 0,000000 0,000000
11 1684295651 1,600000 -1,000000 -101,000000 0,000000 0,000000
11 1684295652 1,600000 -1,000000 -101,000000 0,000000 0,000000
11 1684295653 1,600000 -1,000000 -101,000000 0,000000 0,000000
11 1684295654 1,000000 -1,000000 -101,000000 0,000000 0,000000
11 1684295655 1,000000 -1,000000 -101,000000 0,000000 0,000000
11 1684295656 1,000000 -1,000000 -101,000000 0,000000 0,000000
11 1684295657 1,000000 -1,000000 -101,000000 0,000000 0,000000
11 1684295658 1,000000 -1,000000 -101,000000 0,000000 0,000000
11 1684295659 2,400000 -1,000000 -101,000000 0,000000 0,000000
11 1684295660 2,400000 -1,000000 -101,000000 0,000000 0,000000
11 1684295661 2,400000 -1,000000 -101,000000 0,000000 0,000000
11 1684295662 2,400000 -1,000000 -101,000000 0,000000 0,000000
11 1684295663 2,400000 -1,000000 -101,000000 0,000000 0,000000
11 1684295664 1,000000 -1,000000 -101,000000 0,000000 0,000000
11 1684295665 1,000000 -1,000000 -101,000000 0,000000 0,000000
11 1684295666 1,000000 -1,000000 -101,000000 0,000000 0,000000
11 1684295667 1,000000 -1,000000 -101,000000 0,000000 0,000000
11 1684295668 1,000000 -1,000000 -101,000000 0,000000 0,000000
11 1684295669 0,200000 -1,000000 -101,000000 0,000000 0,000000
11 1684295670 0,200000 -1,000000 -101,000000 0,000000 0,000000
11 1684295671 0,200000 -1,000000 -101,000000 0,000000 0,000000
11 1684295672 0,200000 -1,000000 -101,000000 0,000000 0,000000
11 1684295673 0,200000 -1,000000 -101,000000 0,000000 0,000000
11 1684295674 0,800000 -1,000000 -101,000000 0,000000 0,000000
11 1684295675 0,800000 -1,000000 -101,000000 0,000000 0,000000
11 1684295676 0,800000 -1,000000 -101,000000 0,000000 0,000000
11 1684295677 0,800000 -1,000000 -101,000000 0,000000 0,000000
11 1684295678 0,800000 -1,000000 -101,000000 0,000000 0,000000
11 1684295679 2,400000 -1,000000 -101,000000 0,000000 0,000000
11 1684295680 2,400000 -1,000000 -101,000000 0,000000 0,000000
11 1684295681 2,400000 -1,000000 -101,000000 0,000000 0,000000
11 1684295682 2,400000 -1,000000 -101,000000 0,000000 0,000000
11 1684295683 2,400000 -1,000000 -101,000000 0,000000 0,000000
11 1684295684 0,600000 -1,000000 -101,000000 0,000000 0,000000
11 1684295685 0,600000 -1,000000 -101,000000 0,000000 0,000000
11 1684295686 0,600000 -1,000000 -101,000000 0,000000 0,000000
11 1684295687 0,600000 -1,000000 -101,000000 0,000000 0,000000
11 1684295688 0,600000 -1,000000 -101,000000 0,000000 0,000000
11 1684295689 2,000000 -1,000000 -101,000000 0,000000 0,000000
11 1684295690 2,000000 -1,000000 -101,000000 0,000000 0,000000
11 1684295691 2,000000 -1,000000 -101,000000 0,000000 0,000000
11 1684295692 2,000000 -1,000000 -101,000000 0,000000 0,000000
11 1684295693 2,000000 -1,000000 -101,000000 0,000000 0,000000
11 1684295694 0,600000 -1,000000 -101,000000 0,000000 0,000000
11 1684295695 0,600000 -1,000000 -101,000000 0,000000 0,000000
11 1684295696 0,600000 -1,000000 -101,000000 0,000000 0,000000
11 1684295697 0,600000 -1,000000 -101,000000 0,000000 0,000000
11 1684295698 0,600000 -1,000000 -101,000000 0,000000 0,000000
11 1684295699 1,800000 -1,000000 -101,000000 0,000000 0,000000
11 1684295700 1,800000 -1,000000 -101,000000 0,000000 0,000000
11 1684295701 1,800000 -1,000000 -101,000000 0,000000 0,000000
11 1684295702 1,800000 -1,000000 -101,000000 0,000000 0,000000
11 1684295703 1,800000 -1,000000 -101,000000 0,000000 0,000000
11 1684295704 2,400000 -1,000000 -101,000000 0,000000 0,000000
11 1684295705 2,400000 -1,000000 -101,000000 0,000000 0,000000
11 1684295706 2,400000 -1,000000 -101,000000 0,000000 0,000000
11 1684295707 2,400000 -1,000000 -101,000000 0,000000 0,000000
11 1684295708 2,400000 -1,000000 -101,000000 0,000000 0,000000
11 1684295709 0,800000 -1,000000 -101,000000 0,000000 0,000000
11 1684295710 0,800000 -1,000000 -101,000000 0,000000 0,000000
11 1684295711 0,800000 -1,000000 -101,000000 0,000000 0,000000
11 1684295712 0,800000 -1,000000 -101,000000 0,000000 0,000000
11 1684295713 0,800000 -1,000000 -101,000000 0,000000 0,000000
11 1684295778 2,600000 -1,000000 2,600000 2,600000 0,000000
11 1684295777 2,600000 -1,000000 2,600000 2,600000 0,000000
11 1684295776 2,600000 -1,000000 2,600000 2,600000 0,000000
11 1684295775 2,600000 -1,000000 2,600000 2,600000 0,000000
11 1684295774 2,600000 -1,000000 2,600000 2,600000 0,000000
11 1684295773 1,600000 -1,000000 1,600000 1,600000 0,000000
11 1684295772 1,600000 -1,000000 1,600000 1,600000 0,000000
11 1684295771 1,600000 -1,000000 1,600000 1,600000 0,000000
11 1684295770 1,600000 -1,000000 1,600000 1,600000 0,000000
11 1684295769 1,600000 -1,000000 1,600000 1,600000 0,000000
11 1684295768 0,800000 -1,000000 0,800000 0,800000 0,000000
11 1684295767 0,800000 -1,000000 0,800000 0,800000 0,000000
11 1684295766 0,800000 -1,000000 0,800000 0,800000 0,000000
11 1684295765 0,800000 -1,000000 0,800000 0,800000 0,000000
11 1684295764 0,800000 -1,000000 0,800000 0,800000 0,000000
11 1684295763 0,200000 -1,000000 0,200000 0,200000 0,000000
11 1684295762 0,200000 -1,000000 0,200000 0,200000 0,000000
11 1684295761 0,200000 -1,000000 0,200000 0,200000 0,000000
11 1684295760 0,200000 -1,000000 0,200000 0,200000 0,000000
11 1684295759 0,200000 -1,000000 0,200000 0,200000 0,000000
11 1684295758 0,600000 -1,000000 0,600000 0,600000 0,000000
11 1684295757 0,600000 -1,000000 0,600000 0,600000 0,000000
11 1684295756 0,600000 -1,000000 0,600000 0,600000 0,000000
11 1684295755 0,600000 -1,000000 0,600000 0,600000 0,000000
11 1684295754 0,600000 -1,000000 0,600000 0,600000 0,000000
11 1684295753 0,400000 -1,000000 0,400000 0,400000 0,000000
11 1684295752 0,400000 -1,000000 0,400000 0,400000 0,000000
11 1684295751 0,400000 -1,000000 0,400000 0,400000 0,000000
11 1684295750 0,400000 -1,000000 0,400000 0,400000 0,000000
11 1684295749 0,400000 -1,000000 0,400000 0,400000 0,000000
11 1684295748 2,600000 -1,000000 2,600000 2,600000 0,000000
11 1684295747 2,600000 -1,000000 2,600000 2,600000 0,000000
11 1684295746 2,600000 -1,000000 2,600000 2,600000 0,000000
11 1684295745 2,600000 -1,000000 2,600000 2,600000 0,000000
11 1684295744 2,600000 -1,000000 2,600000 2,600000 0,000000
11 1684295743 0,800000 -1,000000 0,800000 0,800000 0,000000
11 1684295742 0,800000 -1,000000 0,800000 0,800000 0,000000
11 1684295741 0,800000 -1,000000 0,800000 0,800000 0,000000
11 1684295740 0,800000 -1,000000 0,800000 0,800000 0,000000
11 1684295739 0,800000 -1,000000 0,800000 0,800000 0,000000
11 1684295738 3,000000 -1,000000 3,000000 3,000000 0,000000
11 1684295737 3,000000 -1,000000 3,000000 3,000000 0,000000
11 1684295736 3,000000 -1,000000 3,000000 3,000000 0,000000
11 1684295735 3,000000 -1,000000 3,000000 3,000000 0,000000
11 1684295734 3,000000 -1,000000 3,000000 3,000000 0,000000
11 1684295733 1,000000 -1,000000 1,000000 1,000000 0,000000
11 1684295732 1,000000 -1,000000 1,000000 1,000000 0,000000
11 1684295731 1,000000 -1,000000 1,000000 1,000000 0,000000
11 1684295730 1,000000 -1,000000 1,000000 1,000000 0,000000
11 1684295729 1,000000 -1,000000 1,000000 1,000000 0,000000
11 1684295728 0,600000 -1,000000 0,600000 0,600000 0,000000
11 1684295727 0,600000 -1,000000 0,600000 0,600000 0,000000
11 1684295726 0,600000 -1,000000 0,600000 0,600000 0,000000
11 1684295725 0,600000 -1,000000 0,600000 0,600000 0,000000
11 1684295724 0,600000 -1,000000 0,600000 0,600000 0,000000
11 1684295724 0,600000 -1,000000 -101,000000 0,000000 0,000000
11 1684295725 0,600000 -1,000000 -101,000000 0,000000 0,000000
11 1684295726 0,600000 -1,000000 -101,000000 0,000000 0,000000
11 1684295727 0,600000 -1,000000 -101,000000 0,000000 0,000000
11 1684295728 0,600000 -1,000000 -101,000000 0,000000 0,000000
11 1684295729 1,000000 -1,000000 -101,000000 0,000000 0,000000
11 1684295730 1,000000 -1,000000 -101,000000 0,000000 0,000000
11 1684295731 1,000000 -1,000000 -101,000000 0,000000 0,000000
11 1684295732 1,000000 -1,000000 -101,000000 0,000000 0,000000
11 1684295733 1,000000 -1,000000 -101,000000 0,000000 0,000000
11 1684295734 3,000000 -1,000000 -101,000000 0,000000 0,000000
11 1684295735 3,000000 -1,000000 -101,000000 0,000000 0,000000
11 1684295736 3,000000 -1,000000 -101,000000 0,000000 0,000000
11 1684295737 3,000000 -1,000000 -101,000000 0,000000 0,000000
11 1684295738 3,000000 -1,000000 -101,000000 0,000000 0,000000
11 1684295739 0,800000 -1,000000 -101,000000 0,000000 0,000000
11 1684295740 0,800000 -1,000000 -101,000000 0,000000 0,000000
11 1684295741 0,800000 -1,000000 -101,000000 0,000000 0,000000
11 1684295742 0,800000 -1,000000 -101,000000 0,000000 0,000000
11 1684295743 0,800000 -1,000000 -101,000000 0,000000 0,000000
11 1684295744 2,600000 -1,000000 -101,000000 0,000000 0,000000
11 1684295745 2,600000 -1,000000 -101,000000 0,000000 0,000000
11 1684295746 2,600000 -1,000000 -101,000000 0,000000 0,000000
11 1684295747 2,600000 -1,000000 -101,000000 0,000000 0,000000
11 1684295748 2,600000 -1,000000 -101,000000 0,000000 0,000000
11 1684295749 0,400000 -1,000000 -101,000000 0,000000 0,000000
11 1684295750 0,400000 -1,000000 -101,000000 0,000000 0,000000
11 1684295751 0,400000 -1,000000 -101,000000 0,000000 0,000000
11 1684295752 0,400000 -1,000000 -101,000000 0,000000 0,000000
11 1684295753 0,400000 -1,000000 -101,000000 0,000000 0,000000
11 1684295754 0,600000 -1,000000 -101,000000 0,000000 0,000000
11 1684295755 0,600000 -1,000000 -101,000000 0,000000 0,000000
11 1684295756 0,600000 -1,000000 -101,000000 0,000000 0,000000
11 1684295757 0,600000 -1,000000 -101,000000 0,000000 0,000000
11 1684295758 0,600000 -1,000000 -101,000000 0,000000 0,000000
11 1684295759 0,200000 -1,000000 -101,000000 0,000000 0,000000
11 1684295760 0,200000 -1,000000 -101,000000 0,000000 0,000000
11 1684295761 0,200000 -1,000000 -101,000000 0,000000 0,000000
11 1684295762 0,200000 -1,000000 -101,000000 0,000000 0,000000
11 1684295763 0,200000 -1,000000 -101,000000 0,000000 0,000000
11 1684295764 0,800000 -1,000000 -101,000000 0,000000 0,000000
11 1684295765 0,800000 -1,000000 -101,000000 0,000000 0,000000
11 1684295766 0,800000 -1,000000 -101,000000 0,000000 0,000000
11 1684295767 0,800000 -1,000000 -101,000000 0,000000 0,000000
11 1684295768 0,800000 -1,000000 -101,000000 0,000000 0,000000
11 1684295769 1,600000 -1,000000 -101,000000 0,000000 0,000000
11 1684295770 1,600000 -1,000000 -101,000000 0,000000 0,000000
11 1684295771 1,600000 -1,000000 -101,000000 0,000000 0,000000
11 1684295772 1,600000 -1,000000 -101,000000 0,000000 0,000000
11 1684295773 1,600000 -1,000000 -101,000000 0,000000 0,000000
11 1684295774 2,600000 -1,000000 -101,000000 0,000000 0,000000
11 1684295775 2,600000 -1,000000 -101,000000 0,000000 0,000000
11 1684295776 2,600000 -1,000000 -101,000000 0,000000 0,000000
11 1684295777 2,600000 -1,000000 -101,000000 0,000000 0,000000
11 1684295778 2,600000 -1,000000 -101,000000 0,000000 0,000000
11 1684295779 0,800000 -1,000000 -101,000000 0,000000 0,000000
11 1684295780 0,800000 -1,000000 -101,000000 0,000000 0,000000
11 1684295781 0,800000 -1,000000 -101,000000 0,000000 0,000000
11 1684295782 0,800000 -1,000000 -101,000000 0,000000 0,000000
11 1684295783 0,800000 -1,000000 -101,000000 0,000000 0,000000
11 1684295784 1,000000 -1,000000 -101,000000 0,000000 0,000000
11 1684295785 1,000000 -1,000000 -101,000000 0,000000 0,000000
11 1684295786 1,000000 -1,000000 -101,000000 0,000000 0,000000
11 1684295787 1,000000 -1,000000 -101,000000 0,000000 0,000000
11 1684295788 1,000000 -1,000000 -101,000000 0,000000 0,000000
11 1684295789 1,600000 -1,000000 -101,000000 0,000000 0,000000
11 1684295790 1,600000 -1,000000 -101,000000 0,000000 0,000000
11 1684295791 1,600000 -1,000000 -101,000000 0,000000 0,000000
11 1684295792 1,600000 -1,000000 -101,000000 0,000000 0,000000
11 1684295793 1,600000 -1,000000 -101,000000 0,000000 0,000000
11 1684295794 1,000000 -1,000000 -101,000000 0,000000 0,000000
11 1684295795 1,000000 -1,000000 -101,000000 0,000000 0,000000
11 1684295796 1,000000 -1,000000 -101,000000 0,000000 0,000000
11 1684295797 1,000000 -1,000000 -101,000000 0,000000 0,000000
11 1684295798 1,000000 -1,000000 -101,000000 0,000000 0,000000
11 1684295799 0,200000 -1,000000 -101,000000 0,000000 0,000000
11 1684295800 0,200000 -1,000000 -101,000000 0,000000 0,000000
11 1684295801 0,200000 -1,000000 -101,000000 0,000000 0,000000
11 1684295802 0,200000 -1,000000 -101,000000 0,000000 0,000000
11 1684295803 0,200000 -1,000000 -101,000000 0,000000 0,000000
11 1684295804 0,400000 -1,000000 -101,000000 0,000000 0,000000
11 1684295805 0,400000 -1,000000 -101,000000 0,000000 0,000000
11 1684295806 0,400000 -1,000000 -101,000000 0,000000 0,000000
11 1684295807 0,400000 -1,000000 -101,000000 0,000000 0,000000
11 1684295808 0,400000 -1,000000 -101,000000 0,000000 0,000000
11 1684295809 1,400000 -1,000000 -101,000000 0,000000 0,000000
11 1684295810 1,400000 -1,000000 -101,000000 0,000000 0,000000
11 1684295811 1,400000 -1,000000 -101,000000 0,000000 0,000000
11 1684295812 1,400000 -1,000000 -101,000000 0,000000 0,000000
11 1684295813 1,400000 -1,000000 -101,000000 0,000000 0,000000
11 1684295814 0,600000 -1,000000 -101,000000 0,000000 0,000000
11 1684295815 0,600000 -1,000000 -101,000000 0,000000 0,000000
11 1684295816 0,600000 -1,000000 -101,000000 0,000000 0,000000
11 1684295817 0,600000 -1,000000 -101,000000 0,000000 0,000000
11 1684295818 0,600000 -1,000000 -101,000000 0,000000 0,000000
11 1684295819 0,800000 -1,000000 -101,000000 0,000000 0,000000
11 1684295820 0,800000 -1,000000 -101,000000 0,000000 0,000000
11 1684295821 0,800000 -1,000000 -101,000000 0,000000 0,000000
11 1684295822 0,800000 -1,000000 -101,000000 0,000000 0,000000
11 1684295823 0,800000 -1,000000 -101,000000 0,000000 0,000000
11 1684295824 0,600000 -1,000000 -101,000000 0,000000 0,000000
11 1684295825 0,600000 -1,000000 -101,000000 0,000000 0,000000
11 1684295826 0,600000 -1,000000 -101,000000 0,000000 0,000000
11 1684295827 0,600000 -1,000000 -101,000000 0,000000 0,000000
11 1684295828 0,600000 -1,000000 -101,000000 0,000000 0,000000
11 1684295829 1,600000 -1,000000 -101,000000 0,000000 0,000000
11 1684295830 1,600000 -1,000000 -101,000000 0,000000 0,000000
11 1684295831 1,600000 -1,000000 -101,000000 0,000000 0,000000
11 1684295832 1,600000 -1,000000 -101,000000 0,000000 0,000000
11 1684295833 1,600000 -1,000000 -101,000000 0,000000 0,000000
11 1684295834 0,400000 -1,000000 -101,000000 0,000000 0,000000
11 1684295835 0,400000 -1,000000 -101,000000 0,000000 0,000000
11 1684295836 0,400000 -1,000000 -101,000000 0,000000 0,000000
11 1684295837 0,400000 -1,000000 -101,000000 0,000000 0,000000
11 1684295838 0,400000 -1,000000 -101,000000 0,000000 0,000000
11 1684295839 1,200000 -1,000000 -101,000000 0,000000 0,000000
11 1684295840 1,200000 -1,000000 -101,000000 0,000000 0,000000
11 1684295841 1,200000 -1,000000 -101,000000 0,000000 0,000000
11 1684295842 1,200000 -1,000000 -101,000000 0,000000 0,000000
11 1684295843 1,200000 -1,000000 -101,000000 0,000000 0,000000
11 1684295844 1,200000 -1,000000 -101,000000 0,000000 0,000000
11 1684295845 1,200000 -1,000000 -101,000000 0,000000 0,000000
11 1684295846 1,200000 -1,000000 -101,000000 0,000000 0,000000
11 1684295847 1,200000 -1,000000 -101,000000 0,000000 0,000000
11 1684295848 1,200000 -1,000000 -101,000000 0,000000 0,000000
11 1684295849 1,200000 -1,000000 -101,000000 0,000000 0,000000
11 1684295850 1,200000 -1,000000 -101,000000 0,000000 0,000000
11 1684295851 1,200000 -1,000000 -101,000000 0,000000 0,000000
11 1684295852 1,200000 -1,000000 -101,000000 0,000000 0,000000
11 1684295853 1,200000 -1,000000 -101,000000 0,000000 0,000000
11 1684295854 0,600000 -1,000000 -101,000000 0,000000 0,000000
11 1684295855 0,600000 -1,000000 -101,000000 0,000000 0,000000
11 1684295856 0,600000 -1,000000 -101,000000 0,000000 0,000000
11 1684295857 0,600000 -1,000000 -101,000000 0,000000 0,000000
11 1684295858 0,600000 -1,000000 -101,000000 0,000000 0,000000
11 1684295859 1,800000 -1,000000 -101,000000 0,000000 0,000000
11 1684295860 1,800000 -1,000000 -101,000000 0,000000 0,000000
11 1684295861 1,800000 -1,000000 -101,000000 0,000000 0,000000
11 1684295862 1,800000 -1,000000 -101,000000 0,000000 0,000000
11 1684295863 1,800000 -1,000000 -101,000000 0,000000 0,000000
11 1684295864 1,400000 -1,000000 -101,000000 0,000000 0,000000
11 1684295865 1,400000 -1,000000 -101,000000 0,000000 0,000000
11 1684295866 1,400000 -1,000000 -101,000000 0,000000 0,000000
11 1684295867 1,400000 -1,000000 -101,000000 0,000000 0,000000
11 1684295868 1,400000 -1,000000 -101,000000 0,000000 0,000000
11 1684295869 1,200000 -1,000000 -101,000000 0,000000 0,000000
11 1684295870 1,200000 -1,000000 -101,000000 0,000000 0,000000
11 1684295871 1,200000 -1,000000 -101,000000 0,000000 0,000000
11 1684295872 1,200000 -1,000000 -101,000000 0,000000 0,000000
11 1684295873 1,200000 -1,000000 -101,000000 0,000000 0,000000
11 1684295874 0,600000 -1,000000 -101,000000 0,000000 0,000000
11 1684295875 0,600000 -1,000000 -101,000000 0,000000 0,000000
11 1684295876 0,600000 -1,000000 -101,000000 0,000000 0,000000
11 1684295877 0,600000 -1,000000 -101,000000 0,000000 0,000000
11 1684295878 0,600000 -1,000000 -101,000000 0,000000 0,000000
11 1684295879 1,800000 -1,000000 -101,000000 0,000000 0,000000
11 1684295880 1,800000 -1,000000 -101,000000 0,000000 0,000000
11 1684295881 1,800000 -1,000000 -101,000000 0,000000 0,000000
11 1684295882 1,800000 -1,000000 -101,000000 0,000000 0,000000
11 1684295883 1,800000 -1,000000 -101,000000 0,000000 0,000000
11 1684295884 2,000000 -1,000000 -101,000000 0,000000 0,000000
11 1684295885 2,000000 -1,000000 -101,000000 0,000000 0,000000
11 1684295886 2,000000 -1,000000 -101,000000 0,000000 0,000000
11 1684295887 2,000000 -1,000000 -101,000000 0,000000 0,000000
11 1684295888 2,000000 -1,000000 -101,000000 0,000000 0,000000
11 1684295889 1,200000 -1,000000 -101,000000 0,000000 0,000000
11 1684295890 1,200000 -1,000000 -101,000000 0,000000 0,000000
11 1684295891 1,200000 -1,000000 -101,000000 0,000000 0,000000
11 1684295892 1,200000 -1,000000 -101,000000 0,000000 0,000000
11 1684295893 1,200000 -1,000000 -101,000000 0,000000 0,000000
11 1684295894 0,400000 -1,000000 -101,000000 0,000000 0,000000
11 1684295895 0,400000 -1,000000 -101,000000 0,000000 0,000000
11 1684295896 0,400000 -1,000000 -101,000000 0,000000 0,000000
11 1684295897 0,400000 -1,000000 -101,000000 0,000000 0,000000
11 1684295898 0,400000 -1,000000 -101,000000 0,000000 0,000000
11 1684295899 1,200000 -1,000000 -101,000000 0,000000 0,000000
11 1684295900 1,200000 -1,000000 -101,000000 0,000000 0,000000
11 1684295901 1,200000 -1,000000 -101,000000 0,000000 0,000000
11 1684295902 1,200000 -1,000000 -101,000000 0,000000 0,000000
11 1684295903 1,200000 -1,000000 -101,000000 0,000000 0,000000
11 1684295904 0,200000 -1,000000 -101,000000 0,000000 0,000000
11 1684295905 0,200000 -1,000000 -101,000000 0,000000 0,000000
11 1684295906 0,200000 -1,000000 -101,000000 0,000000 0,000000
11 1684295907 0,200000 -1,000000 -101,000000 0,000000 0,000000
11 1684295908 0,200000 -1,000000 -101,000000 0,000000 0,000000
11 1684295909 0,600000 -1,000000 -101,000000 0,000000 0,000000
11 1684295910 0,600000 -1,000000 -101,000000 0,000000 0,000000
11 1684295911 0,600000 -1,000000 -101,000000 0,000000 0,000000
11 1684295912 0,600000 -1,000000 -101,000000 0,000000 0,000000
11 1684295913 0,600000 -1,000000 -101,000000 0,000000 0,000000
11 1684295914 1,600000 -1,000000 -101,000000 0,000000 0,000000
11 1684295915 1,600000 -1,000000 -101,000000 0,000000 0,000000
11 1684295916 1,600000 -1,000000 -101,000000 0,000000 0,000000
11 1684295917 1,600000 -1,000000 -101,000000 0,000000 0,000000
11 1684295918 1,600000 -1,000000 -101,000000 0,000000 0,000000
11 1684295919 1,800000 -1,000000 -101,000000 0,000000 0,000000
11 1684295920 1,800000 -1,000000 -101,000000 0,000000 0,000000
11 1684295921 1,800000 -1,000000 -101,000000 0,000000 0,000000
11 1684295922 1,800000 -1,000000 -101,000000 0,000000 0,000000
11 1684295923 1,800000 -1,000000 -101,000000 0,000000 0,000000
11 1684295929 0,400000 -1,000000 -101,000000 0,000000 0,000000
11 1684295930 0,400000 -1,000000 -101,000000 0,000000 0,000000
11 1684295931 0,400000 -1,000000 -101,000000 0,000000 0,000000
11 1684295932 0,400000 -1,000000 -101,000000 0,000000 0,000000
11 1684295933 0,400000 -1,000000 -101,000000 0,000000 0,000000
11 1684295934 1,000000 -1,000000 -101,000000 0,000000 0,000000
11 1684295935 1,000000 -1,000000 -101,000000 0,000000 0,000000
11 1684295936 1,000000 -1,000000 -101,000000 0,000000 0,000000
11 1684295937 1,000000 -1,000000 -101,000000 0,000000 0,000000
11 1684295938 1,000000 -1,000000 -101,000000 0,000000 0,000000
11 1684295939 1,600000 -1,000000 -101,000000 0,000000 0,000000
11 1684295940 1,600000 -1,000000 -101,000000 0,000000 0,000000
11 1684295941 1,600000 -1,000000 -101,000000 0,000000 0,000000
11 1684295942 1,600000 -1,000000 -101,000000 0,000000 0,000000
11 1684295943 1,600000 -1,000000 -101,000000 0,000000 0,000000
11 1684295944 2,200000 -1,000000 -101,000000 0,000000 0,000000
11 1684295945 2,200000 -1,000000 -101,000000 0,000000 0,000000
11 1684295946 2,200000 -1,000000 -101,000000 0,000000 0,000000
11 1684295947 2,200000 -1,000000 -101,000000 0,000000 0,000000
11 1684295948 2,200000 -1,000000 -101,000000 0,000000 0,000000
11 1684295949 1,600000 -1,000000 -101,000000 0,000000 0,000000
11 1684295950 1,600000 -1,000000 -101,000000 0,000000 0,000000
11 1684295951 1,600000 -1,000000 -101,000000 0,000000 0,000000
11 1684295952 1,600000 -1,000000 -101,000000 0,000000 0,000000
11 1684295953 1,600000 -1,000000 -101,000000 0,000000 0,000000
11 1684295954 1,800000 -1,000000 -101,000000 0,000000 0,000000
11 1684295955 1,800000 -1,000000 -101,000000 0,000000 0,000000
11 1684295956 1,800000 -1,000000 -101,000000 0,000000 0,000000
11 1684295957 1,800000 -1,000000 -101,000000 0,000000 0,000000
11 1684295958 1,800000 -1,000000 -101,000000 0,000000 0,000000
11 1684295959 2,000000 -1,000000 -101,000000 0,000000 0,000000
11 1684295960 2,000000 -1,000000 -101,000000 0,000000 0,000000
11 1684295961 2,000000 -1,000000 -101,000000 0,000000 0,000000
11 1684295962 2,000000 -1,000000 -101,000000 0,000000 0,000000
11 1684295963 2,000000 -1,000000 -101,000000 0,000000 0,000000
11 1684295974 0,400000 -1,000000 -101,000000 0,000000 0,000000
11 1684295975 0,400000 -1,000000 -101,000000 0,000000 0,000000
11 1684295976 0,400000 -1,000000 -101,000000 0,000000 0,000000
11 1684295977 0,400000 -1,000000 -101,000000 0,000000 0,000000
11 1684295978 0,400000 -1,000000 -101,000000 0,000000 0,000000
11 1684295979 1,000000 -1,000000 -101,000000 0,000000 0,000000
11 1684295980 1,000000 -1,000000 -101,000000 0,000000 0,000000
11 1684295981 1,000000 -1,000000 -101,000000 0,000000 0,000000
11 1684295982 1,000000 -1,000000 -101,000000 0,000000 0,000000
11 1684295983 1,000000 -1,000000 -101,000000 0,000000 0,000000
11 1684295984 3,000000 -1,000000 -101,000000 0,000000 0,000000
11 1684295985 3,000000 -1,000000 -101,000000 0,000000 0,000000
11 1684295986 3,000000 -1,000000 -101,000000 0,000000 0,000000
11 1684295987 3,000000 -1,000000 -101,000000 0,000000 0,000000
11 1684295988 3,000000 -1,000000 -101,000000 0,000000 0,000000
11 1684295989 0,800000 -1,000000 -101,000000 0,000000 0,000000
11 1684295990 0,800000 -1,000000 -101,000000 0,000000 0,000000
11 1684295991 0,800000 -1,000000 -101,000000 0,000000 0,000000
11 1684295992 0,800000 -1,000000 -101,000000 0,000000 0,000000
11 1684295993 0,800000 -1,000000 -101,000000 0,000000 0,000000
11 1684295994 2,200000 -1,000000 -101,000000 0,000000 0,000000
11 1684295995 2,200000 -1,000000 -101,000000 0,000000 0,000000
11 1684295996 2,200000 -1,000000 -101,000000 0,000000 0,000000
11 1684295997 2,200000 -1,000000 -101,000000 0,000000 0,000000
11 1684295998 2,200000 -1,000000 -101,000000 0,000000 0,000000
11 1684295999 0,600000 -1,000000 -101,000000 0,000000 0,000000
11 1684296000 0,600000 -1,000000 -101,000000 0,000000 0,000000
11 1684296001 0,600000 -1,000000 -101,000000 0,000000 0,000000
11 1684296002 0,600000 -1,000000 -101,000000 0,000000 0,000000
11 1684296003 0,600000 -1,000000 -101,000000 0,000000 0,000000
11 1684296009 0,200000 -1,000000 -101,000000 0,000000 0,000000
11 1684296010 0,200000 -1,000000 -101,000000 0,000000 0,000000
11 1684296011 0,200000 -1,000000 -101,000000 0,000000 0,000000
11 1684296012 0,200000 -1,000000 -101,000000 0,000000 0,000000
11 1684296013 0,200000 -1,000000 -101,000000 0,000000 0,000000
11 1684296014 1,200000 -1,000000 -101,000000 0,000000 0,000000
11 1684296015 1,200000 -1,000000 -101,000000 0,000000 0,000000
11 1684296016 1,200000 -1,000000 -101,000000 0,000000 0,000000
11 1684296017 1,200000 -1,000000 -101,000000 0,000000 0,000000
11 1684296018 1,200000 -1,000000 -101,000000 0,000000 0,000000
11 1684296019 0,600000 -1,000000 -101,000000 0,000000 0,000000
11 1684296020 0,600000 -1,000000 -101,000000 0,000000 0,000000
11 1684296021 0,600000 -1,000000 -101,000000 0,000000 0,000000
11 1684296022 0,600000 -1,000000 -101,000000 0,000000 0,000000
11 1684296023 0,600000 -1,000000 -101,000000 0,000000 0,000000
11 1684296024 1,200000 -1,000000 -101,000000 0,000000 0,000000
11 1684296025 1,200000 -1,000000 -101,000000 0,000000 0,000000
11 1684296026 1,200000 -1,000000 -101,000000 0,000000 0,000000
11 1684296027 1,200000 -1,000000 -101,000000 0,000000 0,000000
11 1684296028 1,200000 -1,000000 -101,000000 0,000000 0,000000
11 1684296029 2,200000 -1,000000 -101,000000 0,000000 0,000000
11 1684296030 2,200000 -1,000000 -101,000000 0,000000 0,000000
11 1684296031 2,200000 -1,000000 -101,000000 0,000000 0,000000
11 1684296032 2,200000 -1,000000 -101,000000 0,000000 0,000000
11 1684296033 2,200000 -1,000000 -101,000000 0,000000 0,000000
11 1684296034 1,800000 -1,000000 -101,000000 0,000000 0,000000
11 1684296035 1,800000 -1,000000 -101,000000 0,000000 0,000000
11 1684296036 1,800000 -1,000000 -101,000000 0,000000 0,000000
11 1684296037 1,800000 -1,000000 -101,000000 0,000000 0,000000
11 1684296038 1,800000 -1,000000 -101,000000 0,000000 0,000000
11 1684296039 1,600000 -1,000000 -101,000000 0,000000 0,000000
11 1684296040 1,600000 -1,000000 -101,000000 0,000000 0,000000
11 1684296041 1,600000 -1,000000 -101,000000 0,000000 0,000000
11 1684296042 1,600000 -1,000000 -101,000000 0,000000 0,000000
11 1684296043 1,600000 -1,000000 -101,000000 0,000000 0,000000
11 1684296044 1,000000 -1,000000 -101,000000 0,000000 0,000000
11 1684296045 1,000000 -1,000000 -101,000000 0,000000 0,000000
11 1684296046 1,000000 -1,000000 -101,000000 0,000000 0,000000
11 1684296047 1,000000 -1,000000 -101,000000 0,000000 0,000000
11 1684296048 1,000000 -1,000000 -101,000000 0,000000 0,000000
11 1684296049 1,000000 -1,000000 -101,000000 0,000000 0,000000
11 1684296050 1,000000 -1,000000 -101,000000 0,000000 0,000000
11 1684296051 1,000000 -1,000000 -101,000000 0,000000 0,000000
11 1684296052 1,000000 -1,000000 -101,000000 0,000000 0,000000
11 1684296053 1,000000 -1,000000 -101,000000 0,000000 0,000000
11 1684296059 0,400000 -1,000000 -101,000000 0,000000 0,000000
11 1684296060 0,400000 -1,000000 -101,000000 0,000000 0,000000
11 1684296061 0,400000 -1,000000 -101,000000 0,000000 0,000000
11 1684296062 0,400000 -1,000000 -101,000000 0,000000 0,000000
11 1684296063 0,400000 -1,000000 -101,000000 0,000000 0,000000
11 1684296064 0,800000 -1,000000 -101,000000 0,000000 0,000000
11 1684296065 0,800000 -1,000000 -101,000000 0,000000 0,000000
11 1684296066 0,800000 -1,000000 -101,000000 0,000000 0,000000
11 1684296067 0,800000 -1,000000 -101,000000 0,000000 0,000000
11 1684296068 0,800000 -1,000000 -101,000000 0,000000 0,000000
11 1684296069 2,800000 -1,000000 -101,000000 0,000000 0,000000
11 1684296070 2,800000 -1,000000 -101,000000 0,000000 0,000000
11 1684296071 2,800000 -1,000000 -101,000000 0,000000 0,000000
11 1684296072 2,800000 -1,000000 -101,000000 0,000000 0,000000
11 1684296073 2,800000 -1,000000 -101,000000 0,000000 0,000000
11 1684296074 1,400000 -1,000000 -101,000000 0,000000 0,000000
11 1684296075 1,400000 -1,000000 -101,000000 0,000000 0,000000
11 1684296076 1,400000 -1,000000 -101,000000 0,000000 0,000000
11 1684296077 1,400000 -1,000000 -101,000000 0,000000 0,000000
11 1684296078 1,400000 -1,000000 -101,000000 0,000000 0,000000
11 1684296079 1,400000 -1,000000 -101,000000 0,000000 0,000000
11 1684296080 1,400000 -1,000000 -101,000000 0,000000 0,000000
11 1684296081 1,400000 -1,000000 -101,000000 0,000000 0,000000
11 1684296082 1,400000 -1,000000 -101,000000 0,000000 0,000000
11 1684296083 1,400000 -1,000000 -101,000000 0,000000 0,000000
11 1684296084 0,400000 -1,000000 -101,000000 0,000000 0,000000
11 1684296085 0,400000 -1,000000 -101,000000 0,000000 0,000000
11 1684296086 0,400000 -1,000000 -101,000000 0,000000 0,000000
11 1684296087 0,400000 -1,000000 -101,000000 0,000000 0,000000
11 1684296088 0,400000 -1,000000 -101,000000 0,000000 0,000000
11 1684296089 0,200000 -1,000000 -101,000000 0,000000 0,000000
11 1684296090 0,200000 -1,000000 -101,000000 0,000000 0,000000
11 1684296091 0,200000 -1,000000 -101,000000 0,000000 0,000000
11 1684296092 0,200000 -1,000000 -101,000000 0,000000 0,000000
11 1684296093 0,200000 -1,000000 -101,000000 0,000000 0,000000
11 1684296094 0,800000 -1,000000 -101,000000 0,000000 0,000000
11 1684296095 0,800000 -1,000000 -101,000000 0,000000 0,000000
11 1684296096 0,800000 -1,000000 -101,000000 0,000000 0,000000
11 1684296097 0,800000 -1,000000 -101,000000 0,000000 0,000000
11 1684296098 0,800000 -1,000000 -101,000000 0,000000 0,000000
11 1684296099 0,400000 -1,000000 -101,000000 0,000000 0,000000
11 1684296100 0,400000 -1,000000 -101,000000 0,000000 0,000000
11 1684296101 0,400000 -1,000000 -101,000000 0,000000 0,000000
11 1684296102 0,400000 -1,000000 -101,000000 0,000000 0,000000
11 1684296103 0,400000 -1,000000 -101,000000 0,000000 0,000000
11 1684296104 0,800000 -1,000000 -101,000000 0,000000 0,000000
11 1684296105 0,800000 -1,000000 -101,000000 0,000000 0,000000
11 1684296106 0,800000 -1,000000 -101,000000 0,000000 0,000000
11 1684296107 0,800000 -1,000000 -101,000000 0,000000 0,000000
11 1684296108 0,800000 -1,000000 -101,000000 0,000000 0,000000
11 1684296109 1,800000 -1,000000 -101,000000 0,000000 0,000000
11 1684296110 1,800000 -1,000000 -101,000000 0,000000 0,000000
11 1684296111 1,800000 -1,000000 -101,000000 0,000000 0,000000
11 1684296112 1,800000 -1,000000 -101,000000 0,000000 0,000000
11 1684296113 1,800000 -1,000000 -101,000000 0,000000 0,000000
11 1684296114 0,400000 -1,000000 -101,000000 0,000000 0,000000
11 1684296115 0,400000 -1,000000 -101,000000 0,000000 0,000000
11 1684296116 0,400000 -1,000000 -101,000000 0,000000 0,000000
11 1684296117 0,400000 -1,000000 -101,000000 0,000000 0,000000
11 1684296118 0,400000 -1,000000 -101,000000 0,000000 0,000000
11 1684296119 0,800000 -1,000000 -101,000000 0,000000 0,000000
11 1684296120 0,800000 -1,000000 -101,000000 0,000000 0,000000
11 1684296121 0,800000 -1,000000 -101,000000 0,000000 0,000000
11 1684296122 0,800000 -1,000000 -101,000000 0,000000 0,000000
11 1684296123 0,800000 -1,000000 -101,000000 0,000000 0,000000
11 1684296124 2,200000 -1,000000 -101,000000 0,000000 0,000000
11 1684296125 2,200000 -1,000000 -101,000000 0,000000 0,000000
11 1684296126 2,200000 -1,000000 -101,000000 0,000000 0,000000
11 1684296127 2,200000 -1,000000 -101,000000 0,000000 0,000000
11 1684296128 2,200000 -1,000000 -101,000000 0,000000 0,000000
11 1684296129 0,200000 -1,000000 -101,000000 0,000000 0,000000
11 1684296130 0,200000 -1,000000 -101,000000 0,000000 0,000000
11 1684296131 0,200000 -1,000000 -101,000000 0,000000 0,000000
11 1684296132 0,200000 -1,000000 -101,000000 0,000000 0,000000
11 1684296133 0,200000 -1,000000 -101,000000 0,000000 0,000000
11 1684296134 0,800000 -1,000000 -101,000000 0,000000 0,000000
11 1684296135 0,800000 -1,000000 -101,000000 0,000000 0,000000
11 1684296136 0,800000 -1,000000 -101,000000 0,000000 0,000000
11 1684296137 0,800000 -1,000000 -101,000000 0,000000 0,000000
11 1684296138 0,800000 -1,000000 -101,000000 0,000000 0,000000
11 1684296139 0,800000 -1,000000 -101,000000 0,000000 0,000000
11 1684296140 0,800000 -1,000000 -101,000000 0,000000 0,000000
11 1684296141 0,800000 -1,000000 -101,000000 0,000000 0,000000
11 1684296142 0,800000 -1,000000 -101,000000 0,000000 0,000000
11 1684296143 0,800000 -1,000000 -101,000000 0,000000 0,000000
11 1684296144 2,400000 -1,000000 -101,000000 0,000000 0,000000
11 1684296145 2,400000 -1,000000 -101,000000 0,000000 0,000000
11 1684296146 2,400000 -1,000000 -101,000000 0,000000 0,000000
11 1684296147 2,400000 -1,000000 -101,000000 0,000000 0,000000
11 1684296148 2,400000 -1,000000 -101,000000 0,000000 0,000000
11 1684296149 2,000000 -1,000000 -101,000000 0,000000 0,000000
11 1684296150 2,000000 -1,000000 -101,000000 0,000000 0,000000
11 1684296151 2,000000 -1,000000 -101,000000 0,000000 0,000000
11 1684296152 2,000000 -1,000000 -101,000000 0,000000 0,000000
11 1684296153 2,000000 -1,000000 -101,000000 0,000000 0,000000
11 1684296154 1,600000 -1,000000 -101,000000 0,000000 0,000000
11 1684296155 1,600000 -1,000000 -101,000000 0,000000 0,000000
11 1684296156 1,600000 -1,000000 -101,000000 0,000000 0,000000
11 1684296157 1,600000 -1,000000 -101,000000 0,000000 0,000000
11 1684296158 1,600000 -1,000000 -101,000000 0,000000 0,000000
11 1684296159 1,400000 -1,000000 -101,000000 0,000000 0,000000
11 1684296160 1,400000 -1,000000 -101,000000 0,000000 0,000000
11 1684296161 1,400000 -1,000000 -101,000000 0,000000 0,000000
11 1684296162 1,400000 -1,000000 -101,000000 0,000000 0,000000
11 1684296163 1,400000 -1,000000 -101,000000 0,000000 0,000000
11 1684296164 1,600000 -1,000000 -101,000000 0,000000 0,000000
11 1684296165 1,600000 -1,000000 -101,000000 0,000000 0,000000
11 1684296166 1,600000 -1,000000 -101,000000 0,000000 0,000000
11 1684296167 1,600000 -1,000000 -101,000000 0,000000 0,000000
11 1684296168 1,600000 -1,000000 -101,000000 0,000000 0,000000
11 1684296169 1,200000 -1,000000 -101,000000 0,000000 0,000000
11 1684296170 1,200000 -1,000000 -101,000000 0,000000 0,000000
11 1684296171 1,200000 -1,000000 -101,000000 0,000000 0,000000
11 1684296172 1,200000 -1,000000 -101,000000 0,000000 0,000000
11 1684296173 1,200000 -1,000000 -101,000000 0,000000 0,000000
11 1684296174 0,200000 -1,000000 -101,000000 0,000000 0,000000
11 1684296175 0,200000 -1,000000 -101,000000 0,000000 0,000000
11 1684296176 0,200000 -1,000000 -101,000000 0,000000 0,000000
11 1684296177 0,200000 -1,000000 -101,000000 0,000000 0,000000
11 1684296178 0,200000 -1,000000 -101,000000 0,000000 0,000000
11 1684296179 1,000000 -1,000000 -101,000000 0,000000 0,000000
11 1684296180 1,000000 -1,000000 -101,000000 0,000000 0,000000
11 1684296181 1,000000 -1,000000 -101,000000 0,000000 0,000000
11 1684296182 1,000000 -1,000000 -101,000000 0,000000 0,000000
11 1684296183 1,000000 -1,000000 -101,000000 0,000000 0,000000
11 1684296184 0,600000 -1,000000 -101,000000 0,000000 0,000000
11 1684296185 0,600000 -1,000000 -101,000000 0,000000 0,000000
11 1684296186 0,600000 -1,000000 -101,000000 0,000000 0,000000
11 1684296187 0,600000 -1,000000 -101,000000 0,000000 0,000000
11 1684296188 0,600000 -1,000000 -101,000000 0,000000 0,000000
11 1684296189 1,600000 -1,000000 -101,000000 0,000000 0,000000
11 1684296190 1,600000 -1,000000 -101,000000 0,000000 0,000000
11 1684296191 1,600000 -1,000000 -101,000000 0,000000 0,000000
11 1684296192 1,600000 -1,000000 -101,000000 0,000000 0,000000
11 1684296193 1,600000 -1,000000 -101,000000 0,000000 0,000000
11 1684296194 1,600000 -1,000000 -101,000000 0,000000 0,000000
11 1684296195 1,600000 -1,000000 -101,000000 0,000000 0,000000
11 1684296196 1,600000 -1,000000 -101,000000 0,000000 0,000000
11 1684296197 1,600000 -1,000000 -101,000000 0,000000 0,000000
11 1684296198 1,600000 -1,000000 -101,000000 0,000000 0,000000
11 1684296199 1,000000 -1,000000 -101,000000 0,000000 0,000000
11 1684296200 1,000000 -1,000000 -101,000000 0,000000 0,000000
11 1684296201 1,000000 -1,000000 -101,000000 0,000000 0,000000
11 1684296202 1,000000 -1,000000 -101,000000 0,000000 0,000000
11 1684296203 1,000000 -1,000000 -101,000000 0,000000 0,000000
11 1684296204 0,600000 -1,000000 -101,000000 0,000000 0,000000
11 1684296205 0,600000 -1,000000 -101,000000 0,000000 0,000000
11 1684296206 0,600000 -1,000000 -101,000000 0,000000 0,000000
11 1684296207 0,600000 -1,000000 -101,000000 0,000000 0,000000
11 1684296208 0,600000 -1,000000 -101,000000 0,000000 0,000000
11 1684296209 1,400000 -1,000000 -101,000000 0,000000 0,000000
11 1684296210 1,400000 -1,000000 -101,000000 0,000000 0,000000
11 1684296211 1,400000 -1,000000 -101,000000 0,000000 0,000000
11 1684296212 1,400000 -1,000000 -101,000000 0,000000 0,000000
11 1684296213 1,400000 -1,000000 -101,000000 0,000000 0,000000
11 1684296214 0,600000 -1,000000 -101,000000 0,000000 0,000000
11 1684296215 0,600000 -1,000000 -101,000000 0,000000 0,000000
11 1684296216 0,600000 -1,000000 -101,000000 0,000000 0,000000
11 1684296217 0,600000 -1,000000 -101,000000 0,000000 0,000000
11 1684296218 0,600000 -1,000000 -101,000000 0,000000 0,000000
11 1684296219 1,600000 -1,000000 -101,000000 0,000000 0,000000
11 1684296220 1,600000 -1,000000 -101,000000 0,000000 0,000000
11 1684296221 1,600000 -1,000000 -101,000000 0,000000 0,000000
11 1684296222 1,600000 -1,000000 -101,000000 0,000000 0,000000
11 1684296223 1,600000 -1,000000 -101,000000 0,000000 0,000000
11 1684296224 0,400000 -1,000000 -101,000000 0,000000 0,000000
11 1684296225 0,400000 -1,000000 -101,000000 0,000000 0,000000
11 1684296226 0,400000 -1,000000 -101,000000 0,000000 0,000000
11 1684296227 0,400000 -1,000000 -101,000000 0,000000 0,000000
11 1684296228 0,400000 -1,000000 -101,000000 0,000000 0,000000
11 1684296229 0,800000 -1,000000 -101,000000 0,000000 0,000000
11 1684296230 0,800000 -1,000000 -101,000000 0,000000 0,000000
11 1684296231 0,800000 -1,000000 -101,000000 0,000000 0,000000
11 1684296232 0,800000 -1,000000 -101,000000 0,000000 0,000000
11 1684296233 0,800000 -1,000000 -101,000000 0,000000 0,000000
11 1684296234 1,600000 -1,000000 -101,000000 0,000000 0,000000
11 1684296235 1,600000 -1,000000 -101,000000 0,000000 0,000000
11 1684296236 1,600000 -1,000000 -101,000000 0,000000 0,000000
11 1684296237 1,600000 -1,000000 -101,000000 0,000000 0,000000
11 1684296238 1,600000 -1,000000 -101,000000 0,000000 0,000000
11 1684296239 1,400000 -1,000000 -101,000000 0,000000 0,000000
11 1684296240 1,400000 -1,000000 -101,000000 0,000000 0,000000
11 1684296241 1,400000 -1,000000 -101,000000 0,000000 0,000000
11 1684296242 1,400000 -1,000000 -101,000000 0,000000 0,000000
11 1684296243 1,400000 -1,000000 -101,000000 0,000000 0,000000
11 1684296244 1,200000 -1,000000 -101,000000 0,000000 0,000000
11 1684296245 1,200000 -1,000000 -101,000000 0,000000 0,000000
11 1684296246 1,200000 -1,000000 -101,000000 0,000000 0,000000
11 1684296247 1,200000 -1,000000 -101,000000 0,000000 0,000000
11 1684296248 1,200000 -1,000000 -101,000000 0,000000 0,000000
11 1684296249 1,600000 -1,000000 -101,000000 0,000000 0,000000
11 1684296250 1,600000 -1,000000 -101,000000 0,000000 0,000000
11 1684296251 1,600000 -1,000000 -101,000000 0,000000 0,000000
11 1684296252 1,600000 -1,000000 -101,000000 0,000000 0,000000
11 1684296253 1,600000 -1,000000 -101,000000 0,000000 0,000000
11 1684296254 1,400000 -1,000000 -101,000000 0,000000 0,000000
11 1684296255 1,400000 -1,000000 -101,000000 0,000000 0,000000
11 1684296256 1,400000 -1,000000 -101,000000 0,000000 0,000000
11 1684296257 1,400000 -1,000000 -101,000000 0,000000 0,000000
11 1684296258 1,400000 -1,000000 -101,000000 0,000000 0,000000
11 1684296259 1,000000 -1,000000 -101,000000 0,000000 0,000000
11 1684296260 1,000000 -1,000000 -101,000000 0,000000 0,000000
11 1684296261 1,000000 -1,000000 -101,000000 0,000000 0,000000
11 1684296262 1,000000 -1,000000 -101,000000 0,000000 0,000000
11 1684296263 1,000000 -1,000000 -101,000000 0,000000 0,000000
11 1684296269 0,200000 -1,000000 -101,000000 0,000000 0,000000
11 1684296270 0,200000 -1,000000 -101,000000 0,000000 0,000000
11 1684296271 0,200000 -1,000000 -101,000000 0,000000 0,000000
11 1684296272 0,200000 -1,000000 -101,000000 0,000000 0,000000
11 1684296273 0,200000 -1,000000 -101,000000 0,000000 0,000000
11 1684296274 0,400000 -1,000000 -101,000000 0,000000 0,000000
11 1684296275 0,400000 -1,000000 -101,000000 0,000000 0,000000
11 1684296276 0,400000 -1,000000 -101,000000 0,000000 0,000000
11 1684296277 0,400000 -1,000000 -101,000000 0,000000 0,000000
11 1684296278 0,400000 -1,000000 -101,000000 0,000000 0,000000
11 1684296279 1,800000 -1,000000 -101,000000 0,000000 0,000000
11 1684296280 1,800000 -1,000000 -101,000000 0,000000 0,000000
11 1684296281 1,800000 -1,000000 -101,000000 0,000000 0,000000
11 1684296282 1,800000 -1,000000 -101,000000 0,000000 0,000000
11 1684296283 1,800000 -1,000000 -101,000000 0,000000 0,000000
11 1684296284 1,800000 -1,000000 -101,000000 0,000000 0,000000
11 1684296285 1,800000 -1,000000 -101,000000 0,000000 0,000000
11 1684296286 1,800000 -1,000000 -101,000000 0,000000 0,000000
11 1684296287 1,800000 -1,000000 -101,000000 0,000000 0,000000
11 1684296288 1,800000 -1,000000 -101,000000 0,000000 0,000000
11 1684296289 2,000000 -1,000000 -101,000000 0,000000 0,000000
11 1684296290 2,000000 -1,000000 -101,000000 0,000000 0,000000
11 1684296291 2,000000 -1,000000 -101,000000 0,000000 0,000000
11 1684296292 2,000000 -1,000000 -101,000000 0,000000 0,000000
11 1684296293 2,000000 -1,000000 -101,000000 0,000000 0,000000
11 1684296294 0,800000 -1,000000 -101,000000 0,000000 0,000000
11 1684296295 0,800000 -1,000000 -101,000000 0,000000 0,000000
11 1684296296 0,800000 -1,000000 -101,000000 0,000000 0,000000
11 1684296297 0,800000 -1,000000 -101,000000 0,000000 0,000000
11 1684296298 0,800000 -1,000000 -101,000000 0,000000 0,000000
11 1684296299 0,800000 -1,000000 -101,000000 0,000000 0,000000
11 1684296300 0,800000 -1,000000 -101,000000 0,000000 0,000000
11 1684296301 0,800000 -1,000000 -101,000000 0,000000 0,000000
11 1684296302 0,800000 -1,000000 -101,000000 0,000000 0,000000
11 1684296303 0,800000 -1,000000 -101,000000 0,000000 0,000000
11 1684296304 0,400000 -1,000000 -101,000000 0,000000 0,000000
11 1684296305 0,400000 -1,000000 -101,000000 0,000000 0,000000
11 1684296306 0,400000 -1,000000 -101,000000 0,000000 0,000000
11 1684296307 0,400000 -1,000000 -101,000000 0,000000 0,000000
11 1684296308 0,400000 -1,000000 -101,000000 0,000000 0,000000
11 1684296309 1,200000 -1,000000 -101,000000 0,000000 0,000000
11 1684296310 1,200000 -1,000000 -101,000000 0,000000 0,000000
11 1684296311 1,200000 -1,000000 -101,000000 0,000000 0,000000
11 1684296312 1,200000 -1,000000 -101,000000 0,000000 0,000000
11 1684296313 1,200000 -1,000000 -101,000000 0,000000 0,000000
11 1684296314 0,400000 -1,000000 -101,000000 0,000000 0,000000
11 1684296315 0,400000 -1,000000 -101,000000 0,000000 0,000000
11 1684296316 0,400000 -1,000000 -101,000000 0,000000 0,000000
11 1684296317 0,400000 -1,000000 -101,000000 0,000000 0,000000
11 1684296318 0,400000 -1,000000 -101,000000 0,000000 0,000000
11 1684296319 1,600000 -1,000000 -101,000000 0,000000 0,000000
11 1684296320 1,600000 -1,000000 -101,000000 0,000000 0,000000
11 1684296321 1,600000 -1,000000 -101,000000 0,000000 0,000000
11 1684296322 1,600000 -1,000000 -101,000000 0,000000 0,000000
11 1684296323 1,600000 -1,000000 -101,000000 0,000000 0,000000
11 1684296324 0,800000 -1,000000 -101,000000 0,000000 0,000000
11 1684296325 0,800000 -1,000000 -101,000000 0,000000 0,000000
11 1684296326 0,800000 -1,000000 -101,000000 0,000000 0,000000
11 1684296327 0,800000 -1,000000 -101,000000 0,000000 0,000000
11 1684296328 0,800000 -1,000000 -101,000000 0,000000 0,000000
11 1684296329 2,400000 -1,000000 -101,000000 0,000000 0,000000
11 1684296330 2,400000 -1,000000 -101,000000 0,000000 0,000000
11 1684296331 2,400000 -1,000000 -101,000000 0,000000 0,000000
11 1684296332 2,400000 -1,000000 -101,000000 0,000000 0,000000
11 1684296333 2,400000 -1,000000 -101,000000 0,000000 0,000000
11 1684296334 1,400000 -1,000000 -101,000000 0,000000 0,000000
11 1684296335 1,400000 -1,000000 -101,000000 0,000000 0,000000
11 1684296336 1,400000 -1,000000 -101,000000 0,000000 0,000000
11 1684296337 1,400000 -1,000000 -101,000000 0,000000 0,000000
11 1684296338 1,400000 -1,000000 -101,000000 0,000000 0,000000
11 1684296339 0,400000 -1,000000 -101,000000 0,000000 0,000000
11 1684296340 0,400000 -1,000000 -101,000000 0,000000 0,000000
11 1684296341 0,400000 -1,000000 -101,000000 0,000000 0,000000
11 1684296342 0,400000 -1,000000 -101,000000 0,000000 0,000000
11 1684296343 0,400000 -1,000000 -101,000000 0,000000 0,000000
11 1684296344 0,400000 -1,000000 -101,000000 0,000000 0,000000
11 1684296345 0,400000 -1,000000 -101,000000 0,000000 0,000000
11 1684296346 0,400000 -1,000000 -101,000000 0,000000 0,000000
11 1684296347 0,400000 -1,000000 -101,000000 0,000000 0,000000
11 1684296348 0,400000 -1,000000 -101,000000 0,000000 0,000000
11 1684296349 1,000000 -1,000000 -101,000000 0,000000 0,000000
11 1684296350 1,000000 -1,000000 -101,000000 0,000000 0,000000
11 1684296351 1,000000 -1,000000 -101,000000 0,000000 0,000000
11 1684296352 1,000000 -1,000000 -101,000000 0,000000 0,000000
11 1684296353 1,000000 -1,000000 -101,000000 0,000000 0,000000
11 1684296354 1,400000 -1,000000 -101,000000 0,000000 0,000000
11 1684296355 1,400000 -1,000000 -101,000000 0,000000 0,000000
11 1684296356 1,400000 -1,000000 -101,000000 0,000000 0,000000
11 1684296357 1,400000 -1,000000 -101,000000 0,000000 0,000000
11 1684296358 1,400000 -1,000000 -101,000000 0,000000 0,000000
11 1684296359 0,600000 -1,000000 -101,000000 0,000000 0,000000
11 1684296360 0,600000 -1,000000 -101,000000 0,000000 0,000000
11 1684296361 0,600000 -1,000000 -101,000000 0,000000 0,000000
11 1684296362 0,600000 -1,000000 -101,000000 0,000000 0,000000
11 1684296363 0,600000 -1,000000 -101,000000 0,000000 0,000000
11 1684296364 2,400000 -1,000000 -101,000000 0,000000 0,000000
11 1684296365 2,400000 -1,000000 -101,000000 0,000000 0,000000
11 1684296366 2,400000 -1,000000 -101,000000 0,000000 0,000000
11 1684296367 2,400000 -1,000000 -101,000000 0,000000 0,000000
