32 1684295189 2580,000000 -1,000000 -101,000000 0,000000 0,000000
32 1684295190 2580,000000 -1,000000 -101,000000 0,000000 0,000000
32 1684295191 2580,000000 -1,000000 -101,000000 0,000000 0,000000
32 1684295192 2580,000000 -1,000000 -101,000000 0,000000 0,000000
32 1684295193 2580,000000 -1,000000 -101,000000 0,000000 0,000000
32 1684295194 6187,800000 -1,000000 -101,000000 0,000000 0,000000
32 1684295195 6187,800000 -1,000000 -101,000000 0,000000 0,000000
32 1684295196 6187,800000 -1,000000 -101,000000 0,000000 0,000000
32 1684295197 6187,800000 -1,000000 -101,000000 0,000000 0,000000
32 1684295198 6187,800000 -1,000000 -101,000000 0,000000 0,000000
32 1684295199 8136,400000 -1,000000 -101,000000 0,000000 0,000000
32 1684295200 8136,400000 -1,000000 -101,000000 0,000000 0,000000
32 1684295201 8136,400000 -1,000000 -101,000000 0,000000 0,000000
32 1684295202 8136,400000 -1,000000 -101,000000 0,000000 0,000000
32 1684295203 8136,400000 -1,000000 -101,000000 0,000000 0,000000
32 1684295204 8691,000000 -1,000000 -101,000000 0,000000 0,000000
32 1684295205 8691,000000 -1,000000 -101,000000 0,000000 0,000000
32 1684295206 8691,000000 -1,000000 -101,000000 0,000000 0,000000
32 1684295207 8691,000000 -1,000000 -101,000000 0,000000 0,000000
32 1684295208 8691,000000 -1,000000 -101,000000 0,000000 0,000000
32 1684295209 5857,400000 -1,000000 -101,000000 0,000000 0,000000
32 1684295210 5857,400000 -1,000000 -101,000000 0,000000 0,000000
32 1684295211 5857,400000 -1,000000 -101,000000 0,000000 0,000000
32 1684295212 5857,400000 -1,000000 -101,000000 0,000000 0,000000
32 1684295213 5857,400000 -1,000000 -101,000000 0,000000 0,000000
32 1684295214 6192,600000 -1,000000 -101,000000 0,000000 0,000000
32 1684295215 6192,600000 -1,000000 -101,000000 0,000000 0,000000
32 1684295216 6192,600000 -1,000000 -101,000000 0,000000 0,000000
32 1684295217 6192,600000 -1,000000 -101,000000 0,000000 0,000000
32 1684295218 6192,600000 -1,000000 -101,000000 0,000000 0,000000
32 1684295219 7605,000000 -1,000000 -101,000000 0,000000 0,000000
32 1684295220 7605,000000 -1,000000 -101,000000 0,000000 0,000000
32 1684295221 7605,000000 -1,000000 -101,000000 0,000000 0,000000
32 1684295222 7605,000000 -1,000000 -101,000000 0,000000 0,000000
32 1684295223 7605,000000 -1,000000 -101,000000 0,000000 0,000000
32 1684295224 7717,800000 -1,000000 -101,000000 0,000000 0,000000
32 1684295225 7717,800000 -1,000000 -101,000000 0,000000 0,000000
32 1684295226 7717,800000 -1,000000 -101,000000 0,000000 0,000000
32 1684295227 7717,800000 -1,000000 -101,000000 0,000000 0,000000
32 1684295228 7717,800000 -1,000000 -101,000000 0,000000 0,000000
32 1684295229 6744,800000 -1,000000 -101,000000 0,000000 0,000000
32 1684295230 6744,800000 -1,000000 -101,000000 0,000000 0,000000
32 1684295231 6744,800000 -1,000000 -101,000000 0,000000 0,000000
32 1684295232 6744,800000 -1,000000 -101,000000 0,000000 0,000000
32 1684295233 6744,800000 -1,000000 -101,000000 0,000000 0,000000
32 1684295234 11245,000000 -1,000000 -101,000000 0,000000 0,000000
32 1684295235 11245,000000 -1,000000 -101,000000 0,000000 0,000000
32 1684295236 11245,000000 -1,000000 -101,000000 0,000000 0,000000
32 1684295237 11245,000000 -1,000000 -101,000000 0,000000 0,000000
32 1684295238 11245,000000 -1,000000 -101,000000 0,000000 0,000000
32 1684295239 7219,800000 -1,000000 -101,000000 0,000000 0,000000
32 1684295240 7219,800000 -1,000000 -101,000000 0,000000 0,000000
32 1684295241 7219,800000 -1,000000 -101,000000 0,000000 0,000000
32 1684295242 7219,800000 -1,000000 -101,000000 0,000000 0,000000
32 1684295243 7219,800000 -1,000000 -101,000000 0,000000 0,000000
32 1684295244 5911,400000 -1,000000 -101,000000 0,000000 0,000000
32 1684295245 5911,400000 -1,000000 -101,000000 0,000000 0,000000
32 1684295246 5911,400000 -1,000000 -101,000000 0,000000 0,000000
32 1684295247 5911,400000 -1,000000 -101,000000 0,000000 0,000000
32 1684295248 5911,400000 -1,000000 -101,000000 0,000000 0,000000
32 1684295249 2579,200000 -1,000000 -101,000000 0,000000 0,000000
32 1684295250 2579,200000 -1,000000 -101,000000 0,000000 0,000000
32 1684295251 2579,200000 -1,000000 -101,000000 0,000000 0,000000
32 1684295252 2579,200000 -1,000000 -101,000000 0,000000 0,000000
32 1684295253 2579,200000 -1,000000 -101,000000 0,000000 0,000000
32 1684295254 3065,400000 -1,000000 -101,000000 0,000000 0,000000
32 1684295255 3065,400000 -1,000000 -101,000000 0,000000 0,000000
32 1684295256 3065,400000 -1,000000 -101,000000 0,000000 0,000000
32 1684295257 3065,400000 -1,000000 -101,000000 0,000000 0,000000
32 1684295258 3065,400000 -1,000000 -101,000000 0,000000 0,000000
32 1684295259 2416,800000 -1,000000 -101,000000 0,000000 0,000000
32 1684295260 2416,800000 -1,000000 -101,000000 0,000000 0,000000
32 1684295261 2416,800000 -1,000000 -101,000000 0,000000 0,000000
32 1684295262 2416,800000 -1,000000 -101,000000 0,000000 0,000000
32 1684295263 2416,800000 -1,000000 -101,000000 0,000000 0,000000
32 1684295264 2578,800000 -1,000000 -101,000000 0,000000 0,000000
32 1684295265 2578,800000 -1,000000 -101,000000 0,000000 0,000000
32 1684295266 2578,800000 -1,000000 -101,000000 0,000000 0,000000
32 1684295267 2578,800000 -1,000000 -101,000000 0,000000 0,000000
32 1684295268 2578,800000 -1,000000 -101,000000 0,000000 0,000000
32 1684295269 6187,800000 -1,000000 -101,000000 0,000000 0,000000
32 1684295270 6187,800000 -1,000000 -101,000000 0,000000 0,000000
32 1684295271 6187,800000 -1,000000 -101,000000 0,000000 0,000000
32 1684295272 6187,800000 -1,000000 -101,000000 0,000000 0,000000
32 1684295273 6187,800000 -1,000000 -101,000000 0,000000 0,000000
32 1684295274 6952,600000 -1,000000 -101,000000 0,000000 0,000000
32 1684295275 6952,600000 -1,000000 -101,000000 0,000000 0,000000
32 1684295276 6952,600000 -1,000000 -101,000000 0,000000 0,000000
32 1684295277 6952,600000 -1,000000 -101,000000 0,000000 0,000000
32 1684295278 6952,600000 -1,000000 -101,000000 0,000000 0,000000
32 1684295279 5714,800000 -1,000000 -101,000000 0,000000 0,000000
32 1684295280 5714,800000 -1,000000 -101,000000 0,000000 0,000000
32 1684295281 5714,800000 -1,000000 -101,000000 0,000000 0,000000
32 1684295282 5714,800000 -1,000000 -101,000000 0,000000 0,000000
32 1684295283 5714,800000 -1,000000 -101,000000 0,000000 0,000000
32 1684295284 7221,800000 -1,000000 -101,000000 0,000000 0,000000
32 1684295285 7221,800000 -1,000000 -101,000000 0,000000 0,000000
32 1684295286 7221,800000 -1,000000 -101,000000 0,000000 0,000000
32 1684295287 7221,800000 -1,000000 -101,000000 0,000000 0,000000
32 1684295288 7221,800000 -1,000000 -101,000000 0,000000 0,000000
32 1684295289 8469,200000 -1,000000 -101,000000 0,000000 0,000000
32 1684295290 8469,200000 -1,000000 -101,000000 0,000000 0,000000
32 1684295291 8469,200000 -1,000000 -101,000000 0,000000 0,000000
32 1684295292 8469,200000 -1,000000 -101,000000 0,000000 0,000000
32 1684295293 8469,200000 -1,000000 -101,000000 0,000000 0,000000
32 1684295294 3065,400000 -1,000000 -101,000000 0,000000 0,000000
32 1684295295 3065,400000 -1,000000 -101,000000 0,000000 0,000000
32 1684295296 3065,400000 -1,000000 -101,000000 0,000000 0,000000
32 1684295297 3065,400000 -1,000000 -101,000000 0,000000 0,000000
32 1684295298 3065,400000 -1,000000 -101,000000 0,000000 0,000000
32 1684295299 4991,800000 -1,000000 -101,000000 0,000000 0,000000
32 1684295300 4991,800000 -1,000000 -101,000000 0,000000 0,000000
32 1684295301 4991,800000 -1,000000 -101,000000 0,000000 0,000000
32 1684295302 4991,800000 -1,000000 -101,000000 0,000000 0,000000
32 1684295303 4991,800000 -1,000000 -101,000000 0,000000 0,000000
32 1684295304 3611,600000 -1,000000 -101,000000 0,000000 0,000000
32 1684295305 3611,600000 -1,000000 -101,000000 0,000000 0,000000
32 1684295306 3611,600000 -1,000000 -101,000000 0,000000 0,000000
32 1684295307 3611,600000 -1,000000 -101,000000 0,000000 0,000000
32 1684295308 3611,600000 -1,000000 -101,000000 0,000000 0,000000
32 1684295309 4517,800000 -1,000000 -101,000000 0,000000 0,000000
32 1684295310 4517,800000 -1,000000 -101,000000 0,000000 0,000000
32 1684295311 4517,800000 -1,000000 -101,000000 0,000000 0,000000
32 1684295312 4517,800000 -1,000000 -101,000000 0,000000 0,000000
32 1684295313 4517,800000 -1,000000 -101,000000 0,000000 0,000000
32 1684295314 3610,600000 -1,000000 -101,000000 0,000000 0,000000
32 1684295315 3610,600000 -1,000000 -101,000000 0,000000 0,000000
32 1684295316 3610,600000 -1,000000 -101,000000 0,000000 0,000000
32 1684295317 3610,600000 -1,000000 -101,000000 0,000000 0,000000
32 1684295318 3610,600000 -1,000000 -101,000000 0,000000 0,000000
32 1684295319 9350,600000 -1,000000 -101,000000 0,000000 0,000000
32 1684295320 9350,600000 -1,000000 -101,000000 0,000000 0,000000
32 1684295321 9350,600000 -1,000000 -101,000000 0,000000 0,000000
32 1684295322 9350,600000 -1,000000 -101,000000 0,000000 0,000000
32 1684295323 9350,600000 -1,000000 -101,000000 0,000000 0,000000
32 1684295324 11496,600000 -1,000000 -101,000000 0,000000 0,000000
32 1684295325 11496,600000 -1,000000 -101,000000 0,000000 0,000000
32 1684295326 11496,600000 -1,000000 -101,000000 0,000000 0,000000
32 1684295327 11496,600000 -1,000000 -101,000000 0,000000 0,000000
32 1684295328 11496,600000 -1,000000 -101,000000 0,000000 0,000000
32 1684295329 11692,000000 -1,000000 -101,000000 0,000000 0,000000
32 1684295330 11692,000000 -1,000000 -101,000000 0,000000 0,000000
32 1684295331 11692,000000 -1,000000 -101,000000 0,000000 0,000000
32 1684295332 11692,000000 -1,000000 -101,000000 0,000000 0,000000
32 1684295333 11692,000000 -1,000000 -101,000000 0,000000 0,000000
32 1684295334 4377,800000 -1,000000 -101,000000 0,000000 0,000000
32 1684295335 4377,800000 -1,000000 -101,000000 0,000000 0,000000
32 1684295336 4377,800000 -1,000000 -101,000000 0,000000 0,000000
32 1684295337 4377,800000 -1,000000 -101,000000 0,000000 0,000000
32 1684295338 4377,800000 -1,000000 -101,000000 0,000000 0,000000
32 1684295339 2580,000000 -1,000000 -101,000000 0,000000 0,000000
32 1684295340 2580,000000 -1,000000 -101,000000 0,000000 0,000000
32 1684295341 2580,000000 -1,000000 -101,000000 0,000000 0,000000
32 1684295342 2580,000000 -1,000000 -101,000000 0,000000 0,000000
32 1684295343 2580,000000 -1,000000 -101,000000 0,000000 0,000000
32 1684295344 4574,600000 -1,000000 -101,000000 0,000000 0,000000
32 1684295345 4574,600000 -1,000000 -101,000000 0,000000 0,000000
32 1684295346 4574,600000 -1,000000 -101,000000 0,000000 0,000000
32 1684295347 4574,600000 -1,000000 -101,000000 0,000000 0,000000
32 1684295348 4574,600000 -1,000000 -101,000000 0,000000 0,000000
32 1684295349 2578,800000 -1,000000 -101,000000 0,000000 0,000000
32 1684295350 2578,800000 -1,000000 -101,000000 0,000000 0,000000
32 1684295351 2578,800000 -1,000000 -101,000000 0,000000 0,000000
32 1684295352 2578,800000 -1,000000 -101,000000 0,000000 0,000000
32 1684295353 2578,800000 -1,000000 -101,000000 0,000000 0,000000
32 1684295354 3610,600000 -1,000000 -101,000000 0,000000 0,000000
32 1684295355 3610,600000 -1,000000 -101,000000 0,000000 0,000000
32 1684295356 3610,600000 -1,000000 -101,000000 0,000000 0,000000
32 1684295357 3610,600000 -1,000000 -101,000000 0,000000 0,000000
32 1684295358 3610,600000 -1,000000 -101,000000 0,000000 0,000000
32 1684295359 9864,000000 -1,000000 -101,000000 0,000000 0,000000
32 1684295360 9864,000000 -1,000000 -101,000000 0,000000 0,000000
32 1684295361 9864,000000 -1,000000 -101,000000 0,000000 0,000000
32 1684295362 9864,000000 -1,000000 -101,000000 0,000000 0,000000
32 1684295363 9864,000000 -1,000000 -101,000000 0,000000 0,000000
32 1684295364 6679,400000 -1,000000 -101,000000 0,000000 0,000000
32 1684295365 6679,400000 -1,000000 -101,000000 0,000000 0,000000
32 1684295366 6679,400000 -1,000000 -101,000000 0,000000 0,000000
32 1684295367 6679,400000 -1,000000 -101,000000 0,000000 0,000000
32 1684295368 6679,400000 -1,000000 -101,000000 0,000000 0,000000
32 1684295369 8941,800000 -1,000000 -101,000000 0,000000 0,000000
32 1684295370 8941,800000 -1,000000 -101,000000 0,000000 0,000000
32 1684295371 8941,800000 -1,000000 -101,000000 0,000000 0,000000
32 1684295372 8941,800000 -1,000000 -101,000000 0,000000 0,000000
32 1684295373 8941,800000 -1,000000 -101,000000 0,000000 0,000000
32 1684295374 6104,600000 -1,000000 -101,000000 0,000000 0,000000
32 1684295375 6104,600000 -1,000000 -101,000000 0,000000 0,000000
32 1684295376 6104,600000 -1,000000 -101,000000 0,000000 0,000000
32 1684295377 6104,600000 -1,000000 -101,000000 0,000000 0,000000
32 1684295378 6104,600000 -1,000000 -101,000000 0,000000 0,000000
32 1684295379 3841,400000 -1,000000 -101,000000 0,000000 0,000000
32 1684295380 3841,400000 -1,000000 -101,000000 0,000000 0,000000
32 1684295381 3841,400000 -1,000000 -101,000000 0,000000 0,000000
32 1684295382 3841,400000 -1,000000 -101,000000 0,000000 0,000000
32 1684295383 3841,400000 -1,000000 -101,000000 0,000000 0,000000
32 1684295384 2480,400000 -1,000000 -101,000000 0,000000 0,000000
32 1684295385 2480,400000 -1,000000 -101,000000 0,000000 0,000000
32 1684295386 2480,400000 -1,000000 -101,000000 0,000000 0,000000
32 1684295387 2480,400000 -1,000000 -101,000000 0,000000 0,000000
32 1684295388 2480,400000 -1,000000 -101,000000 0,000000 0,000000
32 1684295389 2578,400000 -1,000000 -101,000000 0,000000 0,000000
32 1684295390 2578,400000 -1,000000 -101,000000 0,000000 0,000000
32 1684295391 2578,400000 -1,000000 -101,000000 0,000000 0,000000
32 1684295392 2578,400000 -1,000000 -101,000000 0,000000 0,000000
32 1684295393 2578,400000 -1,000000 -101,000000 0,000000 0,000000
32 1684295394 6186,800000 -1,000000 -101,000000 0,000000 0,000000
32 1684295395 6186,800000 -1,000000 -101,000000 0,000000 0,000000
32 1684295396 6186,800000 -1,000000 -101,000000 0,000000 0,000000
32 1684295397 6186,800000 -1,000000 -101,000000 0,000000 0,000000
32 1684295398 6186,800000 -1,000000 -101,000000 0,000000 0,000000
32 1684295399 10390,600000 -1,000000 -101,000000 0,000000 0,000000
32 1684295400 10390,600000 -1,000000 -101,000000 0,000000 0,000000
32 1684295401 10390,600000 -1,000000 -101,000000 0,000000 0,000000
32 1684295402 10390,600000 -1,000000 -101,000000 0,000000 0,000000
32 1684295403 10390,600000 -1,000000 -101,000000 0,000000 0,000000
32 1684295404 7601,200000 -1,000000 -101,000000 0,000000 0,000000
32 1684295405 7601,200000 -1,000000 -101,000000 0,000000 0,000000
32 1684295406 7601,200000 -1,000000 -101,000000 0,000000 0,000000
32 1684295407 7601,200000 -1,000000 -101,000000 0,000000 0,000000
32 1684295408 7601,200000 -1,000000 -101,000000 0,000000 0,000000
32 1684295409 6031,200000 -1,000000 -101,000000 0,000000 0,000000
32 1684295410 6031,200000 -1,000000 -101,000000 0,000000 0,000000
32 1684295411 6031,200000 -1,000000 -101,000000 0,000000 0,000000
32 1684295412 6031,200000 -1,000000 -101,000000 0,000000 0,000000
32 1684295413 6031,200000 -1,000000 -101,000000 0,000000 0,000000
32 1684295414 4183,000000 -1,000000 -101,000000 0,000000 0,000000
32 1684295415 4183,000000 -1,000000 -101,000000 0,000000 0,000000
32 1684295416 4183,000000 -1,000000 -101,000000 0,000000 0,000000
32 1684295417 4183,000000 -1,000000 -101,000000 0,000000 0,000000
32 1684295418 4183,000000 -1,000000 -101,000000 0,000000 0,000000
32 1684295419 2579,600000 -1,000000 -101,000000 0,000000 0,000000
32 1684295420 2579,600000 -1,000000 -101,000000 0,000000 0,000000
32 1684295421 2579,600000 -1,000000 -101,000000 0,000000 0,000000
32 1684295422 2579,600000 -1,000000 -101,000000 0,000000 0,000000
32 1684295423 2579,600000 -1,000000 -101,000000 0,000000 0,000000
32 1684295424 6191,400000 -1,000000 -101,000000 0,000000 0,000000
32 1684295425 6191,400000 -1,000000 -101,000000 0,000000 0,000000
32 1684295426 6191,400000 -1,000000 -101,000000 0,000000 0,000000
32 1684295427 6191,400000 -1,000000 -101,000000 0,000000 0,000000
32 1684295428 6191,400000 -1,000000 -101,000000 0,000000 0,000000
32 1684295429 5703,000000 -1,000000 -101,000000 0,000000 0,000000
32 1684295430 5703,000000 -1,000000 -101,000000 0,000000 0,000000
32 1684295431 5703,000000 -1,000000 -101,000000 0,000000 0,000000
32 1684295432 5703,000000 -1,000000 -101,000000 0,000000 0,000000
32 1684295433 5703,000000 -1,000000 -101,000000 0,000000 0,000000
32 1684295434 5751,200000 -1,000000 -101,000000 0,000000 0,000000
32 1684295435 5751,200000 -1,000000 -101,000000 0,000000 0,000000
32 1684295436 5751,200000 -1,000000 -101,000000 0,000000 0,000000
32 1684295437 5751,200000 -1,000000 -101,000000 0,000000 0,000000
32 1684295438 5751,200000 -1,000000 -101,000000 0,000000 0,000000
32 1684295439 9815,600000 -1,000000 -101,000000 0,000000 0,000000
32 1684295440 9815,600000 -1,000000 -101,000000 0,000000 0,000000
32 1684295441 9815,600000 -1,000000 -101,000000 0,000000 0,000000
32 1684295442 9815,600000 -1,000000 -101,000000 0,000000 0,000000
32 1684295443 9815,600000 -1,000000 -101,000000 0,000000 0,000000
32 1684295444 11099,000000 -1,000000 -101,000000 0,000000 0,000000
32 1684295445 11099,000000 -1,000000 -101,000000 0,000000 0,000000
32 1684295446 11099,000000 -1,000000 -101,000000 0,000000 0,000000
32 1684295447 11099,000000 -1,000000 -101,000000 0,000000 0,000000
32 1684295448 11099,000000 -1,000000 -101,000000 0,000000 0,000000
32 1684295449 3609,200000 -1,000000 -101,000000 0,000000 0,000000
32 1684295450 3609,200000 -1,000000 -101,000000 0,000000 0,000000
32 1684295451 3609,200000 -1,000000 -101,000000 0,000000 0,000000
32 1684295452 3609,200000 -1,000000 -101,000000 0,000000 0,000000
32 1684295453 3609,200000 -1,000000 -101,000000 0,000000 0,000000
32 1684295454 4948,200000 -1,000000 -101,000000 0,000000 0,000000
32 1684295455 4948,200000 -1,000000 -101,000000 0,000000 0,000000
32 1684295456 4948,200000 -1,000000 -101,000000 0,000000 0,000000
32 1684295457 4948,200000 -1,000000 -101,000000 0,000000 0,000000
32 1684295458 4948,200000 -1,000000 -101,000000 0,000000 0,000000
32 1684295469 5159,600000 -1,000000 -101,000000 0,000000 0,000000
32 1684295470 5159,600000 -1,000000 -101,000000 0,000000 0,000000
32 1684295471 5159,600000 -1,000000 -101,000000 0,000000 0,000000
32 1684295472 5159,600000 -1,000000 -101,000000 0,000000 0,000000
32 1684295473 5159,600000 -1,000000 -101,000000 0,000000 0,000000
32 1684295474 16060,200000 -1,000000 -101,000000 0,000000 0,000000
32 1684295475 16060,200000 -1,000000 -101,000000 0,000000 0,000000
32 1684295476 16060,200000 -1,000000 -101,000000 0,000000 0,000000
32 1684295477 16060,200000 -1,000000 -101,000000 0,000000 0,000000
32 1684295478 16060,200000 -1,000000 -101,000000 0,000000 0,000000
32 1684295479 16485,800000 -1,000000 -101,000000 0,000000 0,000000
32 1684295480 16485,800000 -1,000000 -101,000000 0,000000 0,000000
32 1684295481 16485,800000 -1,000000 -101,000000 0,000000 0,000000
32 1684295482 16485,800000 -1,000000 -101,000000 0,000000 0,000000
32 1684295483 16485,800000 -1,000000 -101,000000 0,000000 0,000000
32 1684295484 7104,000000 -1,000000 -101,000000 0,000000 0,000000
32 1684295485 7104,000000 -1,000000 -101,000000 0,000000 0,000000
32 1684295486 7104,000000 -1,000000 -101,000000 0,000000 0,000000
32 1684295487 7104,000000 -1,000000 -101,000000 0,000000 0,000000
32 1684295488 7104,000000 -1,000000 -101,000000 0,000000 0,000000
32 1684295489 5713,400000 -1,000000 -101,000000 0,000000 0,000000
32 1684295490 5713,400000 -1,000000 -101,000000 0,000000 0,000000
32 1684295491 5713,400000 -1,000000 -101,000000 0,000000 0,000000
32 1684295492 5713,400000 -1,000000 -101,000000 0,000000 0,000000
32 1684295493 5713,400000 -1,000000 -101,000000 0,000000 0,000000
32 1684295494 7220,400000 -1,000000 -101,000000 0,000000 0,000000
32 1684295495 7220,400000 -1,000000 -101,000000 0,000000 0,000000
32 1684295496 7220,400000 -1,000000 -101,000000 0,000000 0,000000
32 1684295497 7220,400000 -1,000000 -101,000000 0,000000 0,000000
32 1684295498 7220,400000 -1,000000 -101,000000 0,000000 0,000000
32 1684295499 5891,800000 -1,000000 -101,000000 0,000000 0,000000
32 1684295500 5891,800000 -1,000000 -101,000000 0,000000 0,000000
32 1684295501 5891,800000 -1,000000 -101,000000 0,000000 0,000000
32 1684295502 5891,800000 -1,000000 -101,000000 0,000000 0,000000
32 1684295503 5891,800000 -1,000000 -101,000000 0,000000 0,000000
32 1684295509 2579,800000 -1,000000 -101,000000 0,000000 0,000000
32 1684295510 2579,800000 -1,000000 -101,000000 0,000000 0,000000
32 1684295511 2579,800000 -1,000000 -101,000000 0,000000 0,000000
32 1684295512 2579,800000 -1,000000 -101,000000 0,000000 0,000000
32 1684295513 2579,800000 -1,000000 -101,000000 0,000000 0,000000
32 1684295514 5645,200000 -1,000000 -101,000000 0,000000 0,000000
32 1684295515 5645,200000 -1,000000 -101,000000 0,000000 0,000000
32 1684295516 5645,200000 -1,000000 -101,000000 0,000000 0,000000
32 1684295517 5645,200000 -1,000000 -101,000000 0,000000 0,000000
32 1684295518 5645,200000 -1,000000 -101,000000 0,000000 0,000000
32 1684295519 8605,800000 -1,000000 -101,000000 0,000000 0,000000
32 1684295520 8605,800000 -1,000000 -101,000000 0,000000 0,000000
32 1684295521 8605,800000 -1,000000 -101,000000 0,000000 0,000000
32 1684295522 8605,800000 -1,000000 -101,000000 0,000000 0,000000
32 1684295523 8605,800000 -1,000000 -101,000000 0,000000 0,000000
32 1684295524 8130,200000 -1,000000 -101,000000 0,000000 0,000000
32 1684295525 8130,200000 -1,000000 -101,000000 0,000000 0,000000
32 1684295526 8130,200000 -1,000000 -101,000000 0,000000 0,000000
32 1684295527 8130,200000 -1,000000 -101,000000 0,000000 0,000000
32 1684295528 8130,200000 -1,000000 -101,000000 0,000000 0,000000
32 1684295529 10091,000000 -1,000000 -101,000000 0,000000 0,000000
32 1684295530 10091,000000 -1,000000 -101,000000 0,000000 0,000000
32 1684295531 10091,000000 -1,000000 -101,000000 0,000000 0,000000
32 1684295532 10091,000000 -1,000000 -101,000000 0,000000 0,000000
32 1684295533 10091,000000 -1,000000 -101,000000 0,000000 0,000000
32 1684295534 3842,400000 -1,000000 -101,000000 0,000000 0,000000
32 1684295535 3842,400000 -1,000000 -101,000000 0,000000 0,000000
32 1684295536 3842,400000 -1,000000 -101,000000 0,000000 0,000000
32 1684295537 3842,400000 -1,000000 -101,000000 0,000000 0,000000
32 1684295538 3842,400000 -1,000000 -101,000000 0,000000 0,000000
32 1684295539 4533,200000 -1,000000 -101,000000 0,000000 0,000000
32 1684295540 4533,200000 -1,000000 -101,000000 0,000000 0,000000
32 1684295541 4533,200000 -1,000000 -101,000000 0,000000 0,000000
32 1684295542 4533,200000 -1,000000 -101,000000 0,000000 0,000000
32 1684295543 4533,200000 -1,000000 -101,000000 0,000000 0,000000
32 1684295544 2580,000000 -1,000000 -101,000000 0,000000 0,000000
32 1684295545 2580,000000 -1,000000 -101,000000 0,000000 0,000000
32 1684295546 2580,000000 -1,000000 -101,000000 0,000000 0,000000
32 1684295547 2580,000000 -1,000000 -101,000000 0,000000 0,000000
32 1684295548 2580,000000 -1,000000 -101,000000 0,000000 0,000000
32 1684295549 3065,400000 -1,000000 -101,000000 0,000000 0,000000
32 1684295550 3065,400000 -1,000000 -101,000000 0,000000 0,000000
32 1684295551 3065,400000 -1,000000 -101,000000 0,000000 0,000000
32 1684295552 3065,400000 -1,000000 -101,000000 0,000000 0,000000
32 1684295553 3065,400000 -1,000000 -101,000000 0,000000 0,000000
32 1684295554 2420,400000 -1,000000 -101,000000 0,000000 0,000000
32 1684295555 2420,400000 -1,000000 -101,000000 0,000000 0,000000
32 1684295556 2420,400000 -1,000000 -101,000000 0,000000 0,000000
32 1684295557 2420,400000 -1,000000 -101,000000 0,000000 0,000000
32 1684295558 2420,400000 -1,000000 -101,000000 0,000000 0,000000
32 1684295559 5158,400000 -1,000000 -101,000000 0,000000 0,000000
32 1684295560 5158,400000 -1,000000 -101,000000 0,000000 0,000000
32 1684295561 5158,400000 -1,000000 -101,000000 0,000000 0,000000
32 1684295562 5158,400000 -1,000000 -101,000000 0,000000 0,000000
32 1684295563 5158,400000 -1,000000 -101,000000 0,000000 0,000000
32 1684295564 7224,200000 -1,000000 -101,000000 0,000000 0,000000
32 1684295565 7224,200000 -1,000000 -101,000000 0,000000 0,000000
32 1684295566 7224,200000 -1,000000 -101,000000 0,000000 0,000000
32 1684295567 7224,200000 -1,000000 -101,000000 0,000000 0,000000
32 1684295568 7224,200000 -1,000000 -101,000000 0,000000 0,000000
32 1684295569 9723,600000 -1,000000 -101,000000 0,000000 0,000000
32 1684295570 9723,600000 -1,000000 -101,000000 0,000000 0,000000
32 1684295571 9723,600000 -1,000000 -101,000000 0,000000 0,000000
32 1684295572 9723,600000 -1,000000 -101,000000 0,000000 0,000000
32 1684295573 9723,600000 -1,000000 -101,000000 0,000000 0,000000
32 1684295574 6190,000000 -1,000000 -101,000000 0,000000 0,000000
32 1684295575 6190,000000 -1,000000 -101,000000 0,000000 0,000000
32 1684295576 6190,000000 -1,000000 -101,000000 0,000000 0,000000
32 1684295577 6190,000000 -1,000000 -101,000000 0,000000 0,000000
32 1684295578 6190,000000 -1,000000 -101,000000 0,000000 0,000000
32 1684295579 10801,800000 -1,000000 -101,000000 0,000000 0,000000
32 1684295580 10801,800000 -1,000000 -101,000000 0,000000 0,000000
32 1684295581 10801,800000 -1,000000 -101,000000 0,000000 0,000000
32 1684295582 10801,800000 -1,000000 -101,000000 0,000000 0,000000
32 1684295583 10801,800000 -1,000000 -101,000000 0,000000 0,000000
32 1684295584 7032,800000 -1,000000 -101,000000 0,000000 0,000000
32 1684295585 7032,800000 -1,000000 -101,000000 0,000000 0,000000
32 1684295586 7032,800000 -1,000000 -101,000000 0,000000 0,000000
32 1684295587 7032,800000 -1,000000 -101,000000 0,000000 0,000000
32 1684295588 7032,800000 -1,000000 -101,000000 0,000000 0,000000
32 1684295589 5583,200000 -1,000000 -101,000000 0,000000 0,000000
32 1684295590 5583,200000 -1,000000 -101,000000 0,000000 0,000000
32 1684295591 5583,200000 -1,000000 -101,000000 0,000000 0,000000
32 1684295592 5583,200000 -1,000000 -101,000000 0,000000 0,000000
32 1684295593 5583,200000 -1,000000 -101,000000 0,000000 0,000000
32 1684295594 2415,400000 -1,000000 -101,000000 0,000000 0,000000
32 1684295595 2415,400000 -1,000000 -101,000000 0,000000 0,000000
32 1684295596 2415,400000 -1,000000 -101,000000 0,000000 0,000000
32 1684295597 2415,400000 -1,000000 -101,000000 0,000000 0,000000
32 1684295598 2415,400000 -1,000000 -101,000000 0,000000 0,000000
32 1684295599 2578,800000 -1,000000 -101,000000 0,000000 0,000000
32 1684295600 2578,800000 -1,000000 -101,000000 0,000000 0,000000
32 1684295601 2578,800000 -1,000000 -101,000000 0,000000 0,000000
32 1684295602 2578,800000 -1,000000 -101,000000 0,000000 0,000000
32 1684295603 2578,800000 -1,000000 -101,000000 0,000000 0,000000
32 1684295604 6187,600000 -1,000000 -101,000000 0,000000 0,000000
32 1684295605 6187,600000 -1,000000 -101,000000 0,000000 0,000000
32 1684295606 6187,600000 -1,000000 -101,000000 0,000000 0,000000
32 1684295607 6187,600000 -1,000000 -101,000000 0,000000 0,000000
32 1684295608 6187,600000 -1,000000 -101,000000 0,000000 0,000000
32 1684295609 10164,200000 -1,000000 -101,000000 0,000000 0,000000
32 1684295610 10164,200000 -1,000000 -101,000000 0,000000 0,000000
32 1684295611 10164,200000 -1,000000 -101,000000 0,000000 0,000000
32 1684295612 10164,200000 -1,000000 -101,000000 0,000000 0,000000
32 1684295613 10164,200000 -1,000000 -101,000000 0,000000 0,000000
32 1684295614 9852,200000 -1,000000 -101,000000 0,000000 0,000000
32 1684295615 9852,200000 -1,000000 -101,000000 0,000000 0,000000
32 1684295616 9852,200000 -1,000000 -101,000000 0,000000 0,000000
32 1684295617 9852,200000 -1,000000 -101,000000 0,000000 0,000000
32 1684295618 9852,200000 -1,000000 -101,000000 0,000000 0,000000
32 1684295619 6193,000000 -1,000000 -101,000000 0,000000 0,000000
32 1684295620 6193,000000 -1,000000 -101,000000 0,000000 0,000000
32 1684295621 6193,000000 -1,000000 -101,000000 0,000000 0,000000
32 1684295622 6193,000000 -1,000000 -101,000000 0,000000 0,000000
32 1684295623 6193,000000 -1,000000 -101,000000 0,000000 0,000000
32 1684295624 9837,200000 -1,000000 -101,000000 0,000000 0,000000
32 1684295625 9837,200000 -1,000000 -101,000000 0,000000 0,000000
32 1684295626 9837,200000 -1,000000 -101,000000 0,000000 0,000000
32 1684295627 9837,200000 -1,000000 -101,000000 0,000000 0,000000
32 1684295628 9837,200000 -1,000000 -101,000000 0,000000 0,000000
32 1684295629 5951,400000 -1,000000 -101,000000 0,000000 0,000000
32 1684295630 5951,400000 -1,000000 -101,000000 0,000000 0,000000
32 1684295631 5951,400000 -1,000000 -101,000000 0,000000 0,000000
32 1684295632 5951,400000 -1,000000 -101,000000 0,000000 0,000000
32 1684295633 5951,400000 -1,000000 -101,000000 0,000000 0,000000
32 1684295634 231,000000 -1,000000 -101,000000 0,000000 0,000000
32 1684295635 231,000000 -1,000000 -101,000000 0,000000 0,000000
32 1684295636 231,000000 -1,000000 -101,000000 0,000000 0,000000
32 1684295637 231,000000 -1,000000 -101,000000 0,000000 0,000000
32 1684295638 231,000000 -1,000000 -101,000000 0,000000 0,000000
32 1684295639 556,400000 -1,000000 -101,000000 0,000000 0,000000
32 1684295640 556,400000 -1,000000 -101,000000 0,000000 0,000000
32 1684295641 556,400000 -1,000000 -101,000000 0,000000 0,000000
32 1684295642 556,400000 -1,000000 -101,000000 0,000000 0,000000
32 1684295643 556,400000 -1,000000 -101,000000 0,000000 0,000000
32 1684295644 2578,000000 -1,000000 -101,000000 0,000000 0,000000
32 1684295645 2578,000000 -1,000000 -101,000000 0,000000 0,000000
32 1684295646 2578,000000 -1,000000 -101,000000 0,000000 0,000000
32 1684295647 2578,000000 -1,000000 -101,000000 0,000000 0,000000
32 1684295648 2578,000000 -1,000000 -101,000000 0,000000 0,000000
32 1684295649 3612,400000 -1,000000 -101,000000 0,000000 0,000000
32 1684295650 3612,400000 -1,000000 -101,000000 0,000000 0,000000
32 1684295651 3612,400000 -1,000000 -101,000000 0,000000 0,000000
32 1684295652 3612,400000 -1,000000 -101,000000 0,000000 0,000000
32 1684295653 3612,400000 -1,000000 -101,000000 0,000000 0,000000
32 1684295654 9406,800000 -1,000000 -101,000000 0,000000 0,000000
32 1684295655 9406,800000 -1,000000 -101,000000 0,000000 0,000000
32 1684295656 9406,800000 -1,000000 -101,000000 0,000000 0,000000
32 1684295657 9406,800000 -1,000000 -101,000000 0,000000 0,000000
32 1684295658 9406,800000 -1,000000 -101,000000 0,000000 0,000000
32 1684295659 9795,800000 -1,000000 -101,000000 0,000000 0,000000
32 1684295660 9795,800000 -1,000000 -101,000000 0,000000 0,000000
32 1684295661 9795,800000 -1,000000 -101,000000 0,000000 0,000000
32 1684295662 9795,800000 -1,000000 -101,000000 0,000000 0,000000
32 1684295663 9795,800000 -1,000000 -101,000000 0,000000 0,000000
32 1684295664 9225,400000 -1,000000 -101,000000 0,000000 0,000000
32 1684295665 9225,400000 -1,000000 -101,000000 0,000000 0,000000
32 1684295666 9225,400000 -1,000000 -101,000000 0,000000 0,000000
32 1684295667 9225,400000 -1,000000 -101,000000 0,000000 0,000000
32 1684295668 9225,400000 -1,000000 -101,000000 0,000000 0,000000
32 1684295669 2412,800000 -1,000000 -101,000000 0,000000 0,000000
32 1684295670 2412,800000 -1,000000 -101,000000 0,000000 0,000000
32 1684295671 2412,800000 -1,000000 -101,000000 0,000000 0,000000
32 1684295672 2412,800000 -1,000000 -101,000000 0,000000 0,000000
32 1684295673 2412,800000 -1,000000 -101,000000 0,000000 0,000000
32 1684295674 2578,800000 -1,000000 -101,000000 0,000000 0,000000
32 1684295675 2578,800000 -1,000000 -101,000000 0,000000 0,000000
32 1684295676 2578,800000 -1,000000 -101,000000 0,000000 0,000000
32 1684295677 2578,800000 -1,000000 -101,000000 0,000000 0,000000
32 1684295678 2578,800000 -1,000000 -101,000000 0,000000 0,000000
32 1684295679 8770,400000 -1,000000 -101,000000 0,000000 0,000000
32 1684295680 8770,400000 -1,000000 -101,000000 0,000000 0,000000
32 1684295681 8770,400000 -1,000000 -101,000000 0,000000 0,000000
32 1684295682 8770,400000 -1,000000 -101,000000 0,000000 0,000000
32 1684295683 8770,400000 -1,000000 -101,000000 0,000000 0,000000
32 1684295684 10454,000000 -1,000000 -101,000000 0,000000 0,000000
32 1684295685 10454,000000 -1,000000 -101,000000 0,000000 0,000000
32 1684295686 10454,000000 -1,000000 -101,000000 0,000000 0,000000
32 1684295687 10454,000000 -1,000000 -101,000000 0,000000 0,000000
32 1684295688 10454,000000 -1,000000 -101,000000 0,000000 0,000000
32 1684295689 4220,800000 -1,000000 -101,000000 0,000000 0,000000
32 1684295690 4220,800000 -1,000000 -101,000000 0,000000 0,000000
32 1684295691 4220,800000 -1,000000 -101,000000 0,000000 0,000000
32 1684295692 4220,800000 -1,000000 -101,000000 0,000000 0,000000
32 1684295693 4220,800000 -1,000000 -101,000000 0,000000 0,000000
32 1684295694 7345,200000 -1,000000 -101,000000 0,000000 0,000000
32 1684295695 7345,200000 -1,000000 -101,000000 0,000000 0,000000
32 1684295696 7345,200000 -1,000000 -101,000000 0,000000 0,000000
32 1684295697 7345,200000 -1,000000 -101,000000 0,000000 0,000000
32 1684295698 7345,200000 -1,000000 -101,000000 0,000000 0,000000
32 1684295699 8224,200000 -1,000000 -101,000000 0,000000 0,000000
32 1684295700 8224,200000 -1,000000 -101,000000 0,000000 0,000000
32 1684295701 8224,200000 -1,000000 -101,000000 0,000000 0,000000
32 1684295702 8224,200000 -1,000000 -101,000000 0,000000 0,000000
32 1684295703 8224,200000 -1,000000 -101,000000 0,000000 0,000000
32 1684295704 9634,200000 -1,000000 -101,000000 0,000000 0,000000
32 1684295705 9634,200000 -1,000000 -101,000000 0,000000 0,000000
32 1684295706 9634,200000 -1,000000 -101,000000 0,000000 0,000000
32 1684295707 9634,200000 -1,000000 -101,000000 0,000000 0,000000
32 1684295708 9634,200000 -1,000000 -101,000000 0,000000 0,000000
32 1684295709 8967,400000 -1,000000 -101,000000 0,000000 0,000000
32 1684295710 8967,400000 -1,000000 -101,000000 0,000000 0,000000
32 1684295711 8967,400000 -1,000000 -101,000000 0,000000 0,000000
32 1684295712 8967,400000 -1,000000 -101,000000 0,000000 0,000000
32 1684295713 8967,400000 -1,000000 -101,000000 0,000000 0,000000
32 1684295714 2135,200000 -1,000000 -101,000000 0,000000 0,000000
32 1684295715 2135,200000 -1,000000 -101,000000 0,000000 0,000000
32 1684295716 2135,200000 -1,000000 -101,000000 0,000000 0,000000
32 1684295717 2135,200000 -1,000000 -101,000000 0,000000 0,000000
32 1684295778 8625,200000 -1,000000 8625,200000 8625,200000 0,000000
32 1684295777 8625,200000 -1,000000 8625,200000 8625,200000 0,000000
32 1684295776 8625,200000 -1,000000 8625,200000 8625,200000 0,000000
32 1684295775 8625,200000 -1,000000 8625,200000 8625,200000 0,000000
32 1684295774 8625,200000 -1,000000 8625,200000 8625,200000 0,000000
32 1684295773 8766,400000 -1,000000 8766,400000 8766,400000 0,000000
32 1684295772 8766,400000 -1,000000 8766,400000 8766,400000 0,000000
32 1684295771 8766,400000 -1,000000 8766,400000 8766,400000 0,000000
32 1684295770 8766,400000 -1,000000 8766,400000 8766,400000 0,000000
32 1684295769 8766,400000 -1,000000 8766,400000 8766,400000 0,000000
32 1684295768 2579,200000 -1,000000 2579,200000 2579,200000 0,000000
32 1684295767 2579,200000 -1,000000 2579,200000 2579,200000 0,000000
32 1684295766 2579,200000 -1,000000 2579,200000 2579,200000 0,000000
32 1684295765 2579,200000 -1,000000 2579,200000 2579,200000 0,000000
32 1684295764 2579,200000 -1,000000 2579,200000 2579,200000 0,000000
32 1684295758 1944,800000 -1,000000 1944,800000 1944,800000 0,000000
32 1684295757 1944,800000 -1,000000 1944,800000 1944,800000 0,000000
32 1684295756 1944,800000 -1,000000 1944,800000 1944,800000 0,000000
32 1684295755 1944,800000 -1,000000 1944,800000 1944,800000 0,000000
32 1684295754 1944,800000 -1,000000 1944,800000 1944,800000 0,000000
32 1684295753 13608,000000 -1,000000 13608,000000 13608,000000 0,000000
32 1684295752 13608,000000 -1,000000 13608,000000 13608,000000 0,000000
32 1684295751 13608,000000 -1,000000 13608,000000 13608,000000 0,000000
32 1684295750 13608,000000 -1,000000 13608,000000 13608,000000 0,000000
32 1684295749 13608,000000 -1,000000 13608,000000 13608,000000 0,000000
32 1684295748 8767,200000 -1,000000 8767,200000 8767,200000 0,000000
32 1684295747 8767,200000 -1,000000 8767,200000 8767,200000 0,000000
32 1684295746 8767,200000 -1,000000 8767,200000 8767,200000 0,000000
32 1684295745 8767,200000 -1,000000 8767,200000 8767,200000 0,000000
32 1684295744 8767,200000 -1,000000 8767,200000 8767,200000 0,000000
32 1684295743 9994,200000 -1,000000 9994,200000 9994,200000 0,000000
32 1684295742 9994,200000 -1,000000 9994,200000 9994,200000 0,000000
32 1684295741 9994,200000 -1,000000 9994,200000 9994,200000 0,000000
32 1684295740 9994,200000 -1,000000 9994,200000 9994,200000 0,000000
32 1684295739 9994,200000 -1,000000 9994,200000 9994,200000 0,000000
32 1684295738 9391,400000 -1,000000 9391,400000 9391,400000 0,000000
32 1684295737 9391,400000 -1,000000 9391,400000 9391,400000 0,000000
32 1684295736 9391,400000 -1,000000 9391,400000 9391,400000 0,000000
32 1684295735 9391,400000 -1,000000 9391,400000 9391,400000 0,000000
32 1684295734 9391,400000 -1,000000 9391,400000 9391,400000 0,000000
32 1684295733 7738,000000 -1,000000 7738,000000 7738,000000 0,000000
32 1684295732 7738,000000 -1,000000 7738,000000 7738,000000 0,000000
32 1684295731 7738,000000 -1,000000 7738,000000 7738,000000 0,000000
32 1684295730 7738,000000 -1,000000 7738,000000 7738,000000 0,000000
32 1684295729 7738,000000 -1,000000 7738,000000 7738,000000 0,000000
32 1684295718 2135,200000 -1,000000 2135,200000 2135,200000 0,000000
32 1684295718 2135,200000 -1,000000 -101,000000 0,000000 0,000000
32 1684295729 7738,000000 -1,000000 -101,000000 0,000000 0,000000
32 1684295730 7738,000000 -1,000000 -101,000000 0,000000 0,000000
32 1684295731 7738,000000 -1,000000 -101,000000 0,000000 0,000000
32 1684295732 7738,000000 -1,000000 -101,000000 0,000000 0,000000
32 1684295733 7738,000000 -1,000000 -101,000000 0,000000 0,000000
32 1684295734 9391,400000 -1,000000 -101,000000 0,000000 0,000000
32 1684295735 9391,400000 -1,000000 -101,000000 0,000000 0,000000
32 1684295736 9391,400000 -1,000000 -101,000000 0,000000 0,000000
32 1684295737 9391,400000 -1,000000 -101,000000 0,000000 0,000000
32 1684295738 9391,400000 -1,000000 -101,000000 0,000000 0,000000
32 1684295739 9994,200000 -1,000000 -101,000000 0,000000 0,000000
32 1684295740 9994,200000 -1,000000 -101,000000 0,000000 0,000000
32 1684295741 9994,200000 -1,000000 -101,000000 0,000000 0,000000
32 1684295742 9994,200000 -1,000000 -101,000000 0,000000 0,000000
32 1684295743 9994,200000 -1,000000 -101,000000 0,000000 0,000000
32 1684295744 8767,200000 -1,000000 -101,000000 0,000000 0,000000
32 1684295745 8767,200000 -1,000000 -101,000000 0,000000 0,000000
32 1684295746 8767,200000 -1,000000 -101,000000 0,000000 0,000000
32 1684295747 8767,200000 -1,000000 -101,000000 0,000000 0,000000
32 1684295748 8767,200000 -1,000000 -101,000000 0,000000 0,000000
32 1684295749 13608,000000 -1,000000 -101,000000 0,000000 0,000000
32 1684295750 13608,000000 -1,000000 -101,000000 0,000000 0,000000
32 1684295751 13608,000000 -1,000000 -101,000000 0,000000 0,000000
32 1684295752 13608,000000 -1,000000 -101,000000 0,000000 0,000000
32 1684295753 13608,000000 -1,000000 -101,000000 0,000000 0,000000
32 1684295754 1944,800000 -1,000000 -101,000000 0,000000 0,000000
32 1684295755 1944,800000 -1,000000 -101,000000 0,000000 0,000000
32 1684295756 1944,800000 -1,000000 -101,000000 0,000000 0,000000
32 1684295757 1944,800000 -1,000000 -101,000000 0,000000 0,000000
32 1684295758 1944,800000 -1,000000 -101,000000 0,000000 0,000000
32 1684295764 2579,200000 -1,000000 -101,000000 0,000000 0,000000
32 1684295765 2579,200000 -1,000000 -101,000000 0,000000 0,000000
32 1684295766 2579,200000 -1,000000 -101,000000 0,000000 0,000000
32 1684295767 2579,200000 -1,000000 -101,000000 0,000000 0,000000
32 1684295768 2579,200000 -1,000000 -101,000000 0,000000 0,000000
32 1684295769 8766,400000 -1,000000 -101,000000 0,000000 0,000000
32 1684295770 8766,400000 -1,000000 -101,000000 0,000000 0,000000
32 1684295771 8766,400000 -1,000000 -101,000000 0,000000 0,000000
32 1684295772 8766,400000 -1,000000 -101,000000 0,000000 0,000000
32 1684295773 8766,400000 -1,000000 -101,000000 0,000000 0,000000
32 1684295774 8625,200000 -1,000000 -101,000000 0,000000 0,000000
32 1684295775 8625,200000 -1,000000 -101,000000 0,000000 0,000000
32 1684295776 8625,200000 -1,000000 -101,000000 0,000000 0,000000
32 1684295777 8625,200000 -1,000000 -101,000000 0,000000 0,000000
32 1684295778 8625,200000 -1,000000 -101,000000 0,000000 0,000000
32 1684295779 12022,400000 -1,000000 -101,000000 0,000000 0,000000
32 1684295780 12022,400000 -1,000000 -101,000000 0,000000 0,000000
32 1684295781 12022,400000 -1,000000 -101,000000 0,000000 0,000000
32 1684295782 12022,400000 -1,000000 -101,000000 0,000000 0,000000
32 1684295783 12022,400000 -1,000000 -101,000000 0,000000 0,000000
32 1684295784 7139,800000 -1,000000 -101,000000 0,000000 0,000000
32 1684295785 7139,800000 -1,000000 -101,000000 0,000000 0,000000
32 1684295786 7139,800000 -1,000000 -101,000000 0,000000 0,000000
32 1684295787 7139,800000 -1,000000 -101,000000 0,000000 0,000000
32 1684295788 7139,800000 -1,000000 -101,000000 0,000000 0,000000
32 1684295789 6774,000000 -1,000000 -101,000000 0,000000 0,000000
32 1684295790 6774,000000 -1,000000 -101,000000 0,000000 0,000000
32 1684295791 6774,000000 -1,000000 -101,000000 0,000000 0,000000
32 1684295792 6774,000000 -1,000000 -101,000000 0,000000 0,000000
32 1684295793 6774,000000 -1,000000 -101,000000 0,000000 0,000000
32 1684295794 4170,600000 -1,000000 -101,000000 0,000000 0,000000
32 1684295795 4170,600000 -1,000000 -101,000000 0,000000 0,000000
32 1684295796 4170,600000 -1,000000 -101,000000 0,000000 0,000000
32 1684295797 4170,600000 -1,000000 -101,000000 0,000000 0,000000
32 1684295798 4170,600000 -1,000000 -101,000000 0,000000 0,000000
32 1684295799 1949,800000 -1,000000 -101,000000 0,000000 0,000000
32 1684295800 1949,800000 -1,000000 -101,000000 0,000000 0,000000
32 1684295801 1949,800000 -1,000000 -101,000000 0,000000 0,000000
32 1684295802 1949,800000 -1,000000 -101,000000 0,000000 0,000000
32 1684295803 1949,800000 -1,000000 -101,000000 0,000000 0,000000
32 1684295804 2578,800000 -1,000000 -101,000000 0,000000 0,000000
32 1684295805 2578,800000 -1,000000 -101,000000 0,000000 0,000000
32 1684295806 2578,800000 -1,000000 -101,000000 0,000000 0,000000
32 1684295807 2578,800000 -1,000000 -101,000000 0,000000 0,000000
32 1684295808 2578,800000 -1,000000 -101,000000 0,000000 0,000000
32 1684295809 5643,600000 -1,000000 -101,000000 0,000000 0,000000
32 1684295810 5643,600000 -1,000000 -101,000000 0,000000 0,000000
32 1684295811 5643,600000 -1,000000 -101,000000 0,000000 0,000000
32 1684295812 5643,600000 -1,000000 -101,000000 0,000000 0,000000
32 1684295813 5643,600000 -1,000000 -101,000000 0,000000 0,000000
32 1684295814 6024,800000 -1,000000 -101,000000 0,000000 0,000000
32 1684295815 6024,800000 -1,000000 -101,000000 0,000000 0,000000
32 1684295816 6024,800000 -1,000000 -101,000000 0,000000 0,000000
32 1684295817 6024,800000 -1,000000 -101,000000 0,000000 0,000000
32 1684295818 6024,800000 -1,000000 -101,000000 0,000000 0,000000
32 1684295819 4705,200000 -1,000000 -101,000000 0,000000 0,000000
32 1684295820 4705,200000 -1,000000 -101,000000 0,000000 0,000000
32 1684295821 4705,200000 -1,000000 -101,000000 0,000000 0,000000
32 1684295822 4705,200000 -1,000000 -101,000000 0,000000 0,000000
32 1684295823 4705,200000 -1,000000 -101,000000 0,000000 0,000000
32 1684295824 2578,400000 -1,000000 -101,000000 0,000000 0,000000
32 1684295825 2578,400000 -1,000000 -101,000000 0,000000 0,000000
32 1684295826 2578,400000 -1,000000 -101,000000 0,000000 0,000000
32 1684295827 2578,400000 -1,000000 -101,000000 0,000000 0,000000
32 1684295828 2578,400000 -1,000000 -101,000000 0,000000 0,000000
32 1684295829 6187,600000 -1,000000 -101,000000 0,000000 0,000000
32 1684295830 6187,600000 -1,000000 -101,000000 0,000000 0,000000
32 1684295831 6187,600000 -1,000000 -101,000000 0,000000 0,000000
32 1684295832 6187,600000 -1,000000 -101,000000 0,000000 0,000000
32 1684295833 6187,600000 -1,000000 -101,000000 0,000000 0,000000
32 1684295834 7754,000000 -1,000000 -101,000000 0,000000 0,000000
32 1684295835 7754,000000 -1,000000 -101,000000 0,000000 0,000000
32 1684295836 7754,000000 -1,000000 -101,000000 0,000000 0,000000
32 1684295837 7754,000000 -1,000000 -101,000000 0,000000 0,000000
32 1684295838 7754,000000 -1,000000 -101,000000 0,000000 0,000000
32 1684295839 3187,800000 -1,000000 -101,000000 0,000000 0,000000
32 1684295840 3187,800000 -1,000000 -101,000000 0,000000 0,000000
32 1684295841 3187,800000 -1,000000 -101,000000 0,000000 0,000000
32 1684295842 3187,800000 -1,000000 -101,000000 0,000000 0,000000
32 1684295843 3187,800000 -1,000000 -101,000000 0,000000 0,000000
32 1684295844 6749,000000 -1,000000 -101,000000 0,000000 0,000000
32 1684295845 6749,000000 -1,000000 -101,000000 0,000000 0,000000
32 1684295846 6749,000000 -1,000000 -101,000000 0,000000 0,000000
32 1684295847 6749,000000 -1,000000 -101,000000 0,000000 0,000000
32 1684295848 6749,000000 -1,000000 -101,000000 0,000000 0,000000
32 1684295849 4999,400000 -1,000000 -101,000000 0,000000 0,000000
32 1684295850 4999,400000 -1,000000 -101,000000 0,000000 0,000000
32 1684295851 4999,400000 -1,000000 -101,000000 0,000000 0,000000
32 1684295852 4999,400000 -1,000000 -101,000000 0,000000 0,000000
32 1684295853 4999,400000 -1,000000 -101,000000 0,000000 0,000000
32 1684295854 4995,600000 -1,000000 -101,000000 0,000000 0,000000
32 1684295855 4995,600000 -1,000000 -101,000000 0,000000 0,000000
32 1684295856 4995,600000 -1,000000 -101,000000 0,000000 0,000000
32 1684295857 4995,600000 -1,000000 -101,000000 0,000000 0,000000
32 1684295858 4995,600000 -1,000000 -101,000000 0,000000 0,000000
32 1684295859 6188,600000 -1,000000 -101,000000 0,000000 0,000000
32 1684295860 6188,600000 -1,000000 -101,000000 0,000000 0,000000
32 1684295861 6188,600000 -1,000000 -101,000000 0,000000 0,000000
32 1684295862 6188,600000 -1,000000 -101,000000 0,000000 0,000000
32 1684295863 6188,600000 -1,000000 -101,000000 0,000000 0,000000
32 1684295864 11604,000000 -1,000000 -101,000000 0,000000 0,000000
32 1684295865 11604,000000 -1,000000 -101,000000 0,000000 0,000000
32 1684295866 11604,000000 -1,000000 -101,000000 0,000000 0,000000
32 1684295867 11604,000000 -1,000000 -101,000000 0,000000 0,000000
32 1684295868 11604,000000 -1,000000 -101,000000 0,000000 0,000000
32 1684295869 5562,400000 -1,000000 -101,000000 0,000000 0,000000
32 1684295870 5562,400000 -1,000000 -101,000000 0,000000 0,000000
32 1684295871 5562,400000 -1,000000 -101,000000 0,000000 0,000000
32 1684295872 5562,400000 -1,000000 -101,000000 0,000000 0,000000
32 1684295873 5562,400000 -1,000000 -101,000000 0,000000 0,000000
32 1684295874 5646,800000 -1,000000 -101,000000 0,000000 0,000000
32 1684295875 5646,800000 -1,000000 -101,000000 0,000000 0,000000
32 1684295876 5646,800000 -1,000000 -101,000000 0,000000 0,000000
32 1684295877 5646,800000 -1,000000 -101,000000 0,000000 0,000000
32 1684295878 5646,800000 -1,000000 -101,000000 0,000000 0,000000
32 1684295879 7739,200000 -1,000000 -101,000000 0,000000 0,000000
32 1684295880 7739,200000 -1,000000 -101,000000 0,000000 0,000000
32 1684295881 7739,200000 -1,000000 -101,000000 0,000000 0,000000
32 1684295882 7739,200000 -1,000000 -101,000000 0,000000 0,000000
32 1684295883 7739,200000 -1,000000 -101,000000 0,000000 0,000000
32 1684295884 12442,200000 -1,000000 -101,000000 0,000000 0,000000
32 1684295885 12442,200000 -1,000000 -101,000000 0,000000 0,000000
32 1684295886 12442,200000 -1,000000 -101,000000 0,000000 0,000000
32 1684295887 12442,200000 -1,000000 -101,000000 0,000000 0,000000
32 1684295888 12442,200000 -1,000000 -101,000000 0,000000 0,000000
32 1684295889 6580,400000 -1,000000 -101,000000 0,000000 0,000000
32 1684295890 6580,400000 -1,000000 -101,000000 0,000000 0,000000
32 1684295891 6580,400000 -1,000000 -101,000000 0,000000 0,000000
32 1684295892 6580,400000 -1,000000 -101,000000 0,000000 0,000000
32 1684295893 6580,400000 -1,000000 -101,000000 0,000000 0,000000
32 1684295894 4512,000000 -1,000000 -101,000000 0,000000 0,000000
32 1684295895 4512,000000 -1,000000 -101,000000 0,000000 0,000000
32 1684295896 4512,000000 -1,000000 -101,000000 0,000000 0,000000
32 1684295897 4512,000000 -1,000000 -101,000000 0,000000 0,000000
32 1684295898 4512,000000 -1,000000 -101,000000 0,000000 0,000000
32 1684295899 3612,600000 -1,000000 -101,000000 0,000000 0,000000
32 1684295900 3612,600000 -1,000000 -101,000000 0,000000 0,000000
32 1684295901 3612,600000 -1,000000 -101,000000 0,000000 0,000000
32 1684295902 3612,600000 -1,000000 -101,000000 0,000000 0,000000
32 1684295903 3612,600000 -1,000000 -101,000000 0,000000 0,000000
32 1684295904 4248,800000 -1,000000 -101,000000 0,000000 0,000000
32 1684295905 4248,800000 -1,000000 -101,000000 0,000000 0,000000
32 1684295906 4248,800000 -1,000000 -101,000000 0,000000 0,000000
32 1684295907 4248,800000 -1,000000 -101,000000 0,000000 0,000000
32 1684295908 4248,800000 -1,000000 -101,000000 0,000000 0,000000
32 1684295909 2578,000000 -1,000000 -101,000000 0,000000 0,000000
32 1684295910 2578,000000 -1,000000 -101,000000 0,000000 0,000000
32 1684295911 2578,000000 -1,000000 -101,000000 0,000000 0,000000
32 1684295912 2578,000000 -1,000000 -101,000000 0,000000 0,000000
32 1684295913 2578,000000 -1,000000 -101,000000 0,000000 0,000000
32 1684295914 6188,000000 -1,000000 -101,000000 0,000000 0,000000
32 1684295915 6188,000000 -1,000000 -101,000000 0,000000 0,000000
32 1684295916 6188,000000 -1,000000 -101,000000 0,000000 0,000000
32 1684295917 6188,000000 -1,000000 -101,000000 0,000000 0,000000
32 1684295918 6188,000000 -1,000000 -101,000000 0,000000 0,000000
32 1684295919 10583,800000 -1,000000 -101,000000 0,000000 0,000000
32 1684295920 10583,800000 -1,000000 -101,000000 0,000000 0,000000
32 1684295921 10583,800000 -1,000000 -101,000000 0,000000 0,000000
32 1684295922 10583,800000 -1,000000 -101,000000 0,000000 0,000000
32 1684295923 10583,800000 -1,000000 -101,000000 0,000000 0,000000
32 1684295924 4553,000000 -1,000000 -101,000000 0,000000 0,000000
32 1684295925 4553,000000 -1,000000 -101,000000 0,000000 0,000000
32 1684295926 4553,000000 -1,000000 -101,000000 0,000000 0,000000
32 1684295927 4553,000000 -1,000000 -101,000000 0,000000 0,000000
32 1684295928 4553,000000 -1,000000 -101,000000 0,000000 0,000000
32 1684295934 5160,000000 -1,000000 -101,000000 0,000000 0,000000
32 1684295935 5160,000000 -1,000000 -101,000000 0,000000 0,000000
32 1684295936 5160,000000 -1,000000 -101,000000 0,000000 0,000000
32 1684295937 5160,000000 -1,000000 -101,000000 0,000000 0,000000
32 1684295938 5160,000000 -1,000000 -101,000000 0,000000 0,000000
32 1684295939 11429,400000 -1,000000 -101,000000 0,000000 0,000000
32 1684295940 11429,400000 -1,000000 -101,000000 0,000000 0,000000
32 1684295941 11429,400000 -1,000000 -101,000000 0,000000 0,000000
32 1684295942 11429,400000 -1,000000 -101,000000 0,000000 0,000000
32 1684295943 11429,400000 -1,000000 -101,000000 0,000000 0,000000
32 1684295944 7621,800000 -1,000000 -101,000000 0,000000 0,000000
32 1684295945 7621,800000 -1,000000 -101,000000 0,000000 0,000000
32 1684295946 7621,800000 -1,000000 -101,000000 0,000000 0,000000
32 1684295947 7621,800000 -1,000000 -101,000000 0,000000 0,000000
32 1684295948 7621,800000 -1,000000 -101,000000 0,000000 0,000000
32 1684295949 10406,400000 -1,000000 -101,000000 0,000000 0,000000
32 1684295950 10406,400000 -1,000000 -101,000000 0,000000 0,000000
32 1684295951 10406,400000 -1,000000 -101,000000 0,000000 0,000000
32 1684295952 10406,400000 -1,000000 -101,000000 0,000000 0,000000
32 1684295953 10406,400000 -1,000000 -101,000000 0,000000 0,000000
32 1684295954 10897,200000 -1,000000 -101,000000 0,000000 0,000000
32 1684295955 10897,200000 -1,000000 -101,000000 0,000000 0,000000
32 1684295956 10897,200000 -1,000000 -101,000000 0,000000 0,000000
32 1684295957 10897,200000 -1,000000 -101,000000 0,000000 0,000000
32 1684295958 10897,200000 -1,000000 -101,000000 0,000000 0,000000
32 1684295959 10623,800000 -1,000000 -101,000000 0,000000 0,000000
32 1684295960 10623,800000 -1,000000 -101,000000 0,000000 0,000000
32 1684295961 10623,800000 -1,000000 -101,000000 0,000000 0,000000
32 1684295962 10623,800000 -1,000000 -101,000000 0,000000 0,000000
32 1684295963 10623,800000 -1,000000 -101,000000 0,000000 0,000000
32 1684295964 4376,600000 -1,000000 -101,000000 0,000000 0,000000
32 1684295965 4376,600000 -1,000000 -101,000000 0,000000 0,000000
32 1684295966 4376,600000 -1,000000 -101,000000 0,000000 0,000000
32 1684295967 4376,600000 -1,000000 -101,000000 0,000000 0,000000
32 1684295968 4376,600000 -1,000000 -101,000000 0,000000 0,000000
32 1684295979 5157,800000 -1,000000 -101,000000 0,000000 0,000000
32 1684295980 5157,800000 -1,000000 -101,000000 0,000000 0,000000
32 1684295981 5157,800000 -1,000000 -101,000000 0,000000 0,000000
32 1684295982 5157,800000 -1,000000 -101,000000 0,000000 0,000000
32 1684295983 5157,800000 -1,000000 -101,000000 0,000000 0,000000
32 1684295984 9796,200000 -1,000000 -101,000000 0,000000 0,000000
32 1684295985 9796,200000 -1,000000 -101,000000 0,000000 0,000000
32 1684295986 9796,200000 -1,000000 -101,000000 0,000000 0,000000
32 1684295987 9796,200000 -1,000000 -101,000000 0,000000 0,000000
32 1684295988 9796,200000 -1,000000 -101,000000 0,000000 0,000000
32 1684295989 16313,400000 -1,000000 -101,000000 0,000000 0,000000
32 1684295990 16313,400000 -1,000000 -101,000000 0,000000 0,000000
32 1684295991 16313,400000 -1,000000 -101,000000 0,000000 0,000000
32 1684295992 16313,400000 -1,000000 -101,000000 0,000000 0,000000
32 1684295993 16313,400000 -1,000000 -101,000000 0,000000 0,000000
32 1684295994 7767,800000 -1,000000 -101,000000 0,000000 0,000000
32 1684295995 7767,800000 -1,000000 -101,000000 0,000000 0,000000
32 1684295996 7767,800000 -1,000000 -101,000000 0,000000 0,000000
32 1684295997 7767,800000 -1,000000 -101,000000 0,000000 0,000000
32 1684295998 7767,800000 -1,000000 -101,000000 0,000000 0,000000
32 1684295999 7208,000000 -1,000000 -101,000000 0,000000 0,000000
32 1684296000 7208,000000 -1,000000 -101,000000 0,000000 0,000000
32 1684296001 7208,000000 -1,000000 -101,000000 0,000000 0,000000
32 1684296002 7208,000000 -1,000000 -101,000000 0,000000 0,000000
32 1684296003 7208,000000 -1,000000 -101,000000 0,000000 0,000000
32 1684296014 2579,800000 -1,000000 -101,000000 0,000000 0,000000
32 1684296015 2579,800000 -1,000000 -101,000000 0,000000 0,000000
32 1684296016 2579,800000 -1,000000 -101,000000 0,000000 0,000000
32 1684296017 2579,800000 -1,000000 -101,000000 0,000000 0,000000
32 1684296018 2579,800000 -1,000000 -101,000000 0,000000 0,000000
32 1684296019 6659,800000 -1,000000 -101,000000 0,000000 0,000000
32 1684296020 6659,800000 -1,000000 -101,000000 0,000000 0,000000
32 1684296021 6659,800000 -1,000000 -101,000000 0,000000 0,000000
32 1684296022 6659,800000 -1,000000 -101,000000 0,000000 0,000000
32 1684296023 6659,800000 -1,000000 -101,000000 0,000000 0,000000
32 1684296024 6184,600000 -1,000000 -101,000000 0,000000 0,000000
32 1684296025 6184,600000 -1,000000 -101,000000 0,000000 0,000000
32 1684296026 6184,600000 -1,000000 -101,000000 0,000000 0,000000
32 1684296027 6184,600000 -1,000000 -101,000000 0,000000 0,000000
32 1684296028 6184,600000 -1,000000 -101,000000 0,000000 0,000000
32 1684296029 10378,600000 -1,000000 -101,000000 0,000000 0,000000
32 1684296030 10378,600000 -1,000000 -101,000000 0,000000 0,000000
32 1684296031 10378,600000 -1,000000 -101,000000 0,000000 0,000000
32 1684296032 10378,600000 -1,000000 -101,000000 0,000000 0,000000
32 1684296033 10378,600000 -1,000000 -101,000000 0,000000 0,000000
32 1684296034 10174,600000 -1,000000 -101,000000 0,000000 0,000000
32 1684296035 10174,600000 -1,000000 -101,000000 0,000000 0,000000
32 1684296036 10174,600000 -1,000000 -101,000000 0,000000 0,000000
32 1684296037 10174,600000 -1,000000 -101,000000 0,000000 0,000000
32 1684296038 10174,600000 -1,000000 -101,000000 0,000000 0,000000
32 1684296039 9542,800000 -1,000000 -101,000000 0,000000 0,000000
32 1684296040 9542,800000 -1,000000 -101,000000 0,000000 0,000000
32 1684296041 9542,800000 -1,000000 -101,000000 0,000000 0,000000
32 1684296042 9542,800000 -1,000000 -101,000000 0,000000 0,000000
32 1684296043 9542,800000 -1,000000 -101,000000 0,000000 0,000000
32 1684296044 7249,400000 -1,000000 -101,000000 0,000000 0,000000
32 1684296045 7249,400000 -1,000000 -101,000000 0,000000 0,000000
32 1684296046 7249,400000 -1,000000 -101,000000 0,000000 0,000000
32 1684296047 7249,400000 -1,000000 -101,000000 0,000000 0,000000
32 1684296048 7249,400000 -1,000000 -101,000000 0,000000 0,000000
32 1684296049 4168,200000 -1,000000 -101,000000 0,000000 0,000000
32 1684296050 4168,200000 -1,000000 -101,000000 0,000000 0,000000
32 1684296051 4168,200000 -1,000000 -101,000000 0,000000 0,000000
32 1684296052 4168,200000 -1,000000 -101,000000 0,000000 0,000000
32 1684296053 4168,200000 -1,000000 -101,000000 0,000000 0,000000
32 1684296054 1937,800000 -1,000000 -101,000000 0,000000 0,000000
32 1684296055 1937,800000 -1,000000 -101,000000 0,000000 0,000000
32 1684296056 1937,800000 -1,000000 -101,000000 0,000000 0,000000
32 1684296057 1937,800000 -1,000000 -101,000000 0,000000 0,000000
32 1684296058 1937,800000 -1,000000 -101,000000 0,000000 0,000000
32 1684296064 5158,400000 -1,000000 -101,000000 0,000000 0,000000
32 1684296065 5158,400000 -1,000000 -101,000000 0,000000 0,000000
32 1684296066 5158,400000 -1,000000 -101,000000 0,000000 0,000000
32 1684296067 5158,400000 -1,000000 -101,000000 0,000000 0,000000
32 1684296068 5158,400000 -1,000000 -101,000000 0,000000 0,000000
32 1684296069 9253,000000 -1,000000 -101,000000 0,000000 0,000000
32 1684296070 9253,000000 -1,000000 -101,000000 0,000000 0,000000
32 1684296071 9253,000000 -1,000000 -101,000000 0,000000 0,000000
32 1684296072 9253,000000 -1,000000 -101,000000 0,000000 0,000000
32 1684296073 9253,000000 -1,000000 -101,000000 0,000000 0,000000
32 1684296074 13771,200000 -1,000000 -101,000000 0,000000 0,000000
32 1684296075 13771,200000 -1,000000 -101,000000 0,000000 0,000000
32 1684296076 13771,200000 -1,000000 -101,000000 0,000000 0,000000
32 1684296077 13771,200000 -1,000000 -101,000000 0,000000 0,000000
32 1684296078 13771,200000 -1,000000 -101,000000 0,000000 0,000000
32 1684296079 5579,200000 -1,000000 -101,000000 0,000000 0,000000
32 1684296080 5579,200000 -1,000000 -101,000000 0,000000 0,000000
32 1684296081 5579,200000 -1,000000 -101,000000 0,000000 0,000000
32 1684296082 5579,200000 -1,000000 -101,000000 0,000000 0,000000
32 1684296083 5579,200000 -1,000000 -101,000000 0,000000 0,000000
32 1684296084 7050,400000 -1,000000 -101,000000 0,000000 0,000000
32 1684296085 7050,400000 -1,000000 -101,000000 0,000000 0,000000
32 1684296086 7050,400000 -1,000000 -101,000000 0,000000 0,000000
32 1684296087 7050,400000 -1,000000 -101,000000 0,000000 0,000000
32 1684296088 7050,400000 -1,000000 -101,000000 0,000000 0,000000
32 1684296089 3768,400000 -1,000000 -101,000000 0,000000 0,000000
32 1684296090 3768,400000 -1,000000 -101,000000 0,000000 0,000000
32 1684296091 3768,400000 -1,000000 -101,000000 0,000000 0,000000
32 1684296092 3768,400000 -1,000000 -101,000000 0,000000 0,000000
32 1684296093 3768,400000 -1,000000 -101,000000 0,000000 0,000000
32 1684296094 595,400000 -1,000000 -101,000000 0,000000 0,000000
32 1684296095 595,400000 -1,000000 -101,000000 0,000000 0,000000
32 1684296096 595,400000 -1,000000 -101,000000 0,000000 0,000000
32 1684296097 595,400000 -1,000000 -101,000000 0,000000 0,000000
32 1684296098 595,400000 -1,000000 -101,000000 0,000000 0,000000
32 1684296099 3136,200000 -1,000000 -101,000000 0,000000 0,000000
32 1684296100 3136,200000 -1,000000 -101,000000 0,000000 0,000000
32 1684296101 3136,200000 -1,000000 -101,000000 0,000000 0,000000
32 1684296102 3136,200000 -1,000000 -101,000000 0,000000 0,000000
32 1684296103 3136,200000 -1,000000 -101,000000 0,000000 0,000000
32 1684296104 5644,200000 -1,000000 -101,000000 0,000000 0,000000
32 1684296105 5644,200000 -1,000000 -101,000000 0,000000 0,000000
32 1684296106 5644,200000 -1,000000 -101,000000 0,000000 0,000000
32 1684296107 5644,200000 -1,000000 -101,000000 0,000000 0,000000
32 1684296108 5644,200000 -1,000000 -101,000000 0,000000 0,000000
32 1684296109 6023,600000 -1,000000 -101,000000 0,000000 0,000000
32 1684296110 6023,600000 -1,000000 -101,000000 0,000000 0,000000
32 1684296111 6023,600000 -1,000000 -101,000000 0,000000 0,000000
32 1684296112 6023,600000 -1,000000 -101,000000 0,000000 0,000000
32 1684296113 6023,600000 -1,000000 -101,000000 0,000000 0,000000
32 1684296114 4224,600000 -1,000000 -101,000000 0,000000 0,000000
32 1684296115 4224,600000 -1,000000 -101,000000 0,000000 0,000000
32 1684296116 4224,600000 -1,000000 -101,000000 0,000000 0,000000
32 1684296117 4224,600000 -1,000000 -101,000000 0,000000 0,000000
32 1684296118 4224,600000 -1,000000 -101,000000 0,000000 0,000000
32 1684296119 5158,600000 -1,000000 -101,000000 0,000000 0,000000
32 1684296120 5158,600000 -1,000000 -101,000000 0,000000 0,000000
32 1684296121 5158,600000 -1,000000 -101,000000 0,000000 0,000000
32 1684296122 5158,600000 -1,000000 -101,000000 0,000000 0,000000
32 1684296123 5158,600000 -1,000000 -101,000000 0,000000 0,000000
32 1684296124 7216,000000 -1,000000 -101,000000 0,000000 0,000000
32 1684296125 7216,000000 -1,000000 -101,000000 0,000000 0,000000
32 1684296126 7216,000000 -1,000000 -101,000000 0,000000 0,000000
32 1684296127 7216,000000 -1,000000 -101,000000 0,000000 0,000000
32 1684296128 7216,000000 -1,000000 -101,000000 0,000000 0,000000
32 1684296129 6623,200000 -1,000000 -101,000000 0,000000 0,000000
32 1684296130 6623,200000 -1,000000 -101,000000 0,000000 0,000000
32 1684296131 6623,200000 -1,000000 -101,000000 0,000000 0,000000
32 1684296132 6623,200000 -1,000000 -101,000000 0,000000 0,000000
32 1684296133 6623,200000 -1,000000 -101,000000 0,000000 0,000000
32 1684296134 2579,800000 -1,000000 -101,000000 0,000000 0,000000
32 1684296135 2579,800000 -1,000000 -101,000000 0,000000 0,000000
32 1684296136 2579,800000 -1,000000 -101,000000 0,000000 0,000000
32 1684296137 2579,800000 -1,000000 -101,000000 0,000000 0,000000
32 1684296138 2579,800000 -1,000000 -101,000000 0,000000 0,000000
32 1684296139 8940,000000 -1,000000 -101,000000 0,000000 0,000000
32 1684296140 8940,000000 -1,000000 -101,000000 0,000000 0,000000
32 1684296141 8940,000000 -1,000000 -101,000000 0,000000 0,000000
32 1684296142 8940,000000 -1,000000 -101,000000 0,000000 0,000000
32 1684296143 8940,000000 -1,000000 -101,000000 0,000000 0,000000
32 1684296144 7280,400000 -1,000000 -101,000000 0,000000 0,000000
32 1684296145 7280,400000 -1,000000 -101,000000 0,000000 0,000000
32 1684296146 7280,400000 -1,000000 -101,000000 0,000000 0,000000
32 1684296147 7280,400000 -1,000000 -101,000000 0,000000 0,000000
32 1684296148 7280,400000 -1,000000 -101,000000 0,000000 0,000000
32 1684296149 10065,800000 -1,000000 -101,000000 0,000000 0,000000
32 1684296150 10065,800000 -1,000000 -101,000000 0,000000 0,000000
32 1684296151 10065,800000 -1,000000 -101,000000 0,000000 0,000000
32 1684296152 10065,800000 -1,000000 -101,000000 0,000000 0,000000
32 1684296153 10065,800000 -1,000000 -101,000000 0,000000 0,000000
32 1684296154 8677,200000 -1,000000 -101,000000 0,000000 0,000000
32 1684296155 8677,200000 -1,000000 -101,000000 0,000000 0,000000
32 1684296156 8677,200000 -1,000000 -101,000000 0,000000 0,000000
32 1684296157 8677,200000 -1,000000 -101,000000 0,000000 0,000000
32 1684296158 8677,200000 -1,000000 -101,000000 0,000000 0,000000
32 1684296159 9395,200000 -1,000000 -101,000000 0,000000 0,000000
32 1684296160 9395,200000 -1,000000 -101,000000 0,000000 0,000000
32 1684296161 9395,200000 -1,000000 -101,000000 0,000000 0,000000
32 1684296162 9395,200000 -1,000000 -101,000000 0,000000 0,000000
32 1684296163 9395,200000 -1,000000 -101,000000 0,000000 0,000000
32 1684296164 8325,400000 -1,000000 -101,000000 0,000000 0,000000
32 1684296165 8325,400000 -1,000000 -101,000000 0,000000 0,000000
32 1684296166 8325,400000 -1,000000 -101,000000 0,000000 0,000000
32 1684296167 8325,400000 -1,000000 -101,000000 0,000000 0,000000
32 1684296168 8325,400000 -1,000000 -101,000000 0,000000 0,000000
32 1684296169 8331,800000 -1,000000 -101,000000 0,000000 0,000000
32 1684296170 8331,800000 -1,000000 -101,000000 0,000000 0,000000
32 1684296171 8331,800000 -1,000000 -101,000000 0,000000 0,000000
32 1684296172 8331,800000 -1,000000 -101,000000 0,000000 0,000000
32 1684296173 8331,800000 -1,000000 -101,000000 0,000000 0,000000
32 1684296174 4534,000000 -1,000000 -101,000000 0,000000 0,000000
32 1684296175 4534,000000 -1,000000 -101,000000 0,000000 0,000000
32 1684296176 4534,000000 -1,000000 -101,000000 0,000000 0,000000
32 1684296177 4534,000000 -1,000000 -101,000000 0,000000 0,000000
32 1684296178 4534,000000 -1,000000 -101,000000 0,000000 0,000000
32 1684296179 3065,400000 -1,000000 -101,000000 0,000000 0,000000
32 1684296180 3065,400000 -1,000000 -101,000000 0,000000 0,000000
32 1684296181 3065,400000 -1,000000 -101,000000 0,000000 0,000000
32 1684296182 3065,400000 -1,000000 -101,000000 0,000000 0,000000
32 1684296183 3065,400000 -1,000000 -101,000000 0,000000 0,000000
32 1684296184 2415,600000 -1,000000 -101,000000 0,000000 0,000000
32 1684296185 2415,600000 -1,000000 -101,000000 0,000000 0,000000
32 1684296186 2415,600000 -1,000000 -101,000000 0,000000 0,000000
32 1684296187 2415,600000 -1,000000 -101,000000 0,000000 0,000000
32 1684296188 2415,600000 -1,000000 -101,000000 0,000000 0,000000
32 1684296189 7738,400000 -1,000000 -101,000000 0,000000 0,000000
32 1684296190 7738,400000 -1,000000 -101,000000 0,000000 0,000000
32 1684296191 7738,400000 -1,000000 -101,000000 0,000000 0,000000
32 1684296192 7738,400000 -1,000000 -101,000000 0,000000 0,000000
32 1684296193 7738,400000 -1,000000 -101,000000 0,000000 0,000000
32 1684296194 10722,000000 -1,000000 -101,000000 0,000000 0,000000
32 1684296195 10722,000000 -1,000000 -101,000000 0,000000 0,000000
32 1684296196 10722,000000 -1,000000 -101,000000 0,000000 0,000000
32 1684296197 10722,000000 -1,000000 -101,000000 0,000000 0,000000
32 1684296198 10722,000000 -1,000000 -101,000000 0,000000 0,000000
32 1684296199 9353,400000 -1,000000 -101,000000 0,000000 0,000000
32 1684296200 9353,400000 -1,000000 -101,000000 0,000000 0,000000
32 1684296201 9353,400000 -1,000000 -101,000000 0,000000 0,000000
32 1684296202 9353,400000 -1,000000 -101,000000 0,000000 0,000000
32 1684296203 9353,400000 -1,000000 -101,000000 0,000000 0,000000
32 1684296204 4168,600000 -1,000000 -101,000000 0,000000 0,000000
32 1684296205 4168,600000 -1,000000 -101,000000 0,000000 0,000000
32 1684296206 4168,600000 -1,000000 -101,000000 0,000000 0,000000
32 1684296207 4168,600000 -1,000000 -101,000000 0,000000 0,000000
32 1684296208 4168,600000 -1,000000 -101,000000 0,000000 0,000000
32 1684296209 7572,400000 -1,000000 -101,000000 0,000000 0,000000
32 1684296210 7572,400000 -1,000000 -101,000000 0,000000 0,000000
32 1684296211 7572,400000 -1,000000 -101,000000 0,000000 0,000000
32 1684296212 7572,400000 -1,000000 -101,000000 0,000000 0,000000
32 1684296213 7572,400000 -1,000000 -101,000000 0,000000 0,000000
32 1684296214 6191,400000 -1,000000 -101,000000 0,000000 0,000000
32 1684296215 6191,400000 -1,000000 -101,000000 0,000000 0,000000
32 1684296216 6191,400000 -1,000000 -101,000000 0,000000 0,000000
32 1684296217 6191,400000 -1,000000 -101,000000 0,000000 0,000000
32 1684296218 6191,400000 -1,000000 -101,000000 0,000000 0,000000
32 1684296219 4997,800000 -1,000000 -101,000000 0,000000 0,000000
32 1684296220 4997,800000 -1,000000 -101,000000 0,000000 0,000000
32 1684296221 4997,800000 -1,000000 -101,000000 0,000000 0,000000
32 1684296222 4997,800000 -1,000000 -101,000000 0,000000 0,000000
32 1684296223 4997,800000 -1,000000 -101,000000 0,000000 0,000000
32 1684296224 2412,600000 -1,000000 -101,000000 0,000000 0,000000
32 1684296225 2412,600000 -1,000000 -101,000000 0,000000 0,000000
32 1684296226 2412,600000 -1,000000 -101,000000 0,000000 0,000000
32 1684296227 2412,600000 -1,000000 -101,000000 0,000000 0,000000
32 1684296228 2412,600000 -1,000000 -101,000000 0,000000 0,000000
32 1684296229 5156,800000 -1,000000 -101,000000 0,000000 0,000000
32 1684296230 5156,800000 -1,000000 -101,000000 0,000000 0,000000
32 1684296231 5156,800000 -1,000000 -101,000000 0,000000 0,000000
32 1684296232 5156,800000 -1,000000 -101,000000 0,000000 0,000000
32 1684296233 5156,800000 -1,000000 -101,000000 0,000000 0,000000
32 1684296234 7214,600000 -1,000000 -101,000000 0,000000 0,000000
32 1684296235 7214,600000 -1,000000 -101,000000 0,000000 0,000000
32 1684296236 7214,600000 -1,000000 -101,000000 0,000000 0,000000
32 1684296237 7214,600000 -1,000000 -101,000000 0,000000 0,000000
32 1684296238 7214,600000 -1,000000 -101,000000 0,000000 0,000000
32 1684296239 9695,400000 -1,000000 -101,000000 0,000000 0,000000
32 1684296240 9695,400000 -1,000000 -101,000000 0,000000 0,000000
32 1684296241 9695,400000 -1,000000 -101,000000 0,000000 0,000000
32 1684296242 9695,400000 -1,000000 -101,000000 0,000000 0,000000
32 1684296243 9695,400000 -1,000000 -101,000000 0,000000 0,000000
32 1684296244 5298,600000 -1,000000 -101,000000 0,000000 0,000000
32 1684296245 5298,600000 -1,000000 -101,000000 0,000000 0,000000
32 1684296246 5298,600000 -1,000000 -101,000000 0,000000 0,000000
32 1684296247 5298,600000 -1,000000 -101,000000 0,000000 0,000000
32 1684296248 5298,600000 -1,000000 -101,000000 0,000000 0,000000
32 1684296249 6744,600000 -1,000000 -101,000000 0,000000 0,000000
32 1684296250 6744,600000 -1,000000 -101,000000 0,000000 0,000000
32 1684296251 6744,600000 -1,000000 -101,000000 0,000000 0,000000
32 1684296252 6744,600000 -1,000000 -101,000000 0,000000 0,000000
32 1684296253 6744,600000 -1,000000 -101,000000 0,000000 0,000000
32 1684296254 11053,800000 -1,000000 -101,000000 0,000000 0,000000
32 1684296255 11053,800000 -1,000000 -101,000000 0,000000 0,000000
32 1684296256 11053,800000 -1,000000 -101,000000 0,000000 0,000000
32 1684296257 11053,800000 -1,000000 -101,000000 0,000000 0,000000
32 1684296258 11053,800000 -1,000000 -101,000000 0,000000 0,000000
32 1684296259 6025,800000 -1,000000 -101,000000 0,000000 0,000000
32 1684296260 6025,800000 -1,000000 -101,000000 0,000000 0,000000
32 1684296261 6025,800000 -1,000000 -101,000000 0,000000 0,000000
32 1684296262 6025,800000 -1,000000 -101,000000 0,000000 0,000000
32 1684296263 6025,800000 -1,000000 -101,000000 0,000000 0,000000
32 1684296264 1946,200000 -1,000000 -101,000000 0,000000 0,000000
32 1684296265 1946,200000 -1,000000 -101,000000 0,000000 0,000000
32 1684296266 1946,200000 -1,000000 -101,000000 0,000000 0,000000
32 1684296267 1946,200000 -1,000000 -101,000000 0,000000 0,000000
32 1684296268 1946,200000 -1,000000 -101,000000 0,000000 0,000000
32 1684296274 2578,400000 -1,000000 -101,000000 0,000000 0,000000
32 1684296275 2578,400000 -1,000000 -101,000000 0,000000 0,000000
32 1684296276 2578,400000 -1,000000 -101,000000 0,000000 0,000000
32 1684296277 2578,400000 -1,000000 -101,000000 0,000000 0,000000
32 1684296278 2578,400000 -1,000000 -101,000000 0,000000 0,000000
32 1684296279 3606,600000 -1,000000 -101,000000 0,000000 0,000000
32 1684296280 3606,600000 -1,000000 -101,000000 0,000000 0,000000
32 1684296281 3606,600000 -1,000000 -101,000000 0,000000 0,000000
32 1684296282 3606,600000 -1,000000 -101,000000 0,000000 0,000000
32 1684296283 3606,600000 -1,000000 -101,000000 0,000000 0,000000
32 1684296284 12925,800000 -1,000000 -101,000000 0,000000 0,000000
32 1684296285 12925,800000 -1,000000 -101,000000 0,000000 0,000000
32 1684296286 12925,800000 -1,000000 -101,000000 0,000000 0,000000
32 1684296287 12925,800000 -1,000000 -101,000000 0,000000 0,000000
32 1684296288 12925,800000 -1,000000 -101,000000 0,000000 0,000000
32 1684296289 14565,600000 -1,000000 -101,000000 0,000000 0,000000
32 1684296290 14565,600000 -1,000000 -101,000000 0,000000 0,000000
32 1684296291 14565,600000 -1,000000 -101,000000 0,000000 0,000000
32 1684296292 14565,600000 -1,000000 -101,000000 0,000000 0,000000
32 1684296293 14565,600000 -1,000000 -101,000000 0,000000 0,000000
32 1684296294 10915,400000 -1,000000 -101,000000 0,000000 0,000000
32 1684296295 10915,400000 -1,000000 -101,000000 0,000000 0,000000
32 1684296296 10915,400000 -1,000000 -101,000000 0,000000 0,000000
32 1684296297 10915,400000 -1,000000 -101,000000 0,000000 0,000000
32 1684296298 10915,400000 -1,000000 -101,000000 0,000000 0,000000
32 1684296299 838,600000 -1,000000 -101,000000 0,000000 0,000000
32 1684296300 838,600000 -1,000000 -101,000000 0,000000 0,000000
32 1684296301 838,600000 -1,000000 -101,000000 0,000000 0,000000
32 1684296302 838,600000 -1,000000 -101,000000 0,000000 0,000000
32 1684296303 838,600000 -1,000000 -101,000000 0,000000 0,000000
32 1684296304 3136,400000 -1,000000 -101,000000 0,000000 0,000000
32 1684296305 3136,400000 -1,000000 -101,000000 0,000000 0,000000
32 1684296306 3136,400000 -1,000000 -101,000000 0,000000 0,000000
32 1684296307 3136,400000 -1,000000 -101,000000 0,000000 0,000000
32 1684296308 3136,400000 -1,000000 -101,000000 0,000000 0,000000
32 1684296309 3607,800000 -1,000000 -101,000000 0,000000 0,000000
32 1684296310 3607,800000 -1,000000 -101,000000 0,000000 0,000000
32 1684296311 3607,800000 -1,000000 -101,000000 0,000000 0,000000
32 1684296312 3607,800000 -1,000000 -101,000000 0,000000 0,000000
32 1684296313 3607,800000 -1,000000 -101,000000 0,000000 0,000000
32 1684296314 4537,200000 -1,000000 -101,000000 0,000000 0,000000
32 1684296315 4537,200000 -1,000000 -101,000000 0,000000 0,000000
32 1684296316 4537,200000 -1,000000 -101,000000 0,000000 0,000000
32 1684296317 4537,200000 -1,000000 -101,000000 0,000000 0,000000
32 1684296318 4537,200000 -1,000000 -101,000000 0,000000 0,000000
32 1684296319 3610,600000 -1,000000 -101,000000 0,000000 0,000000
32 1684296320 3610,600000 -1,000000 -101,000000 0,000000 0,000000
32 1684296321 3610,600000 -1,000000 -101,000000 0,000000 0,000000
32 1684296322 3610,600000 -1,000000 -101,000000 0,000000 0,000000
32 1684296323 3610,600000 -1,000000 -101,000000 0,000000 0,000000
32 1684296324 9625,600000 -1,000000 -101,000000 0,000000 0,000000
32 1684296325 9625,600000 -1,000000 -101,000000 0,000000 0,000000
32 1684296326 9625,600000 -1,000000 -101,000000 0,000000 0,000000
32 1684296327 9625,600000 -1,000000 -101,000000 0,000000 0,000000
32 1684296328 9625,600000 -1,000000 -101,000000 0,000000 0,000000
32 1684296329 9253,000000 -1,000000 -101,000000 0,000000 0,000000
32 1684296330 9253,000000 -1,000000 -101,000000 0,000000 0,000000
32 1684296331 9253,000000 -1,000000 -101,000000 0,000000 0,000000
32 1684296332 9253,000000 -1,000000 -101,000000 0,000000 0,000000
32 1684296333 9253,000000 -1,000000 -101,000000 0,000000 0,000000
32 1684296334 7968,200000 -1,000000 -101,000000 0,000000 0,000000
32 1684296335 7968,200000 -1,000000 -101,000000 0,000000 0,000000
32 1684296336 7968,200000 -1,000000 -101,000000 0,000000 0,000000
32 1684296337 7968,200000 -1,000000 -101,000000 0,000000 0,000000
32 1684296338 7968,200000 -1,000000 -101,000000 0,000000 0,000000
32 1684296339 8016,800000 -1,000000 -101,000000 0,000000 0,000000
32 1684296340 8016,800000 -1,000000 -101,000000 0,000000 0,000000
32 1684296341 8016,800000 -1,000000 -101,000000 0,000000 0,000000
32 1684296342 8016,800000 -1,000000 -101,000000 0,000000 0,000000
32 1684296343 8016,800000 -1,000000 -101,000000 0,000000 0,000000
32 1684296344 3774,200000 -1,000000 -101,000000 0,000000 0,000000
32 1684296345 3774,200000 -1,000000 -101,000000 0,000000 0,000000
32 1684296346 3774,200000 -1,000000 -101,000000 0,000000 0,000000
32 1684296347 3774,200000 -1,000000 -101,000000 0,000000 0,000000
32 1684296348 3774,200000 -1,000000 -101,000000 0,000000 0,000000
32 1684296349 3175,200000 -1,000000 -101,000000 0,000000 0,000000
32 1684296350 3175,200000 -1,000000 -101,000000 0,000000 0,000000
32 1684296351 3175,200000 -1,000000 -101,000000 0,000000 0,000000
32 1684296352 3175,200000 -1,000000 -101,000000 0,000000 0,000000
32 1684296353 3175,200000 -1,000000 -101,000000 0,000000 0,000000
32 1684296354 4166,800000 -1,000000 -101,000000 0,000000 0,000000
32 1684296355 4166,800000 -1,000000 -101,000000 0,000000 0,000000
32 1684296356 4166,800000 -1,000000 -101,000000 0,000000 0,000000
32 1684296357 4166,800000 -1,000000 -101,000000 0,000000 0,000000
32 1684296358 4166,800000 -1,000000 -101,000000 0,000000 0,000000
32 1684296359 7094,000000 -1,000000 -101,000000 0,000000 0,000000
32 1684296360 7094,000000 -1,000000 -101,000000 0,000000 0,000000
32 1684296361 7094,000000 -1,000000 -101,000000 0,000000 0,000000
32 1684296362 7094,000000 -1,000000 -101,000000 0,000000 0,000000
32 1684296363 7094,000000 -1,000000 -101,000000 0,000000 0,000000
32 1684296364 6672,000000 -1,000000 -101,000000 0,000000 0,000000
32 1684296365 6672,000000 -1,000000 -101,000000 0,000000 0,000000
32 1684296366 6672,000000 -1,000000 -101,000000 0,000000 0,000000
32 1684296367 6672,000000 -1,000000 -101,000000 0,000000 0,000000
