37 1684295185 0,000000 0,000000 -101,000000 0,000000 0,000000
37 1684295186 0,000000 0,000000 -101,000000 0,000000 0,000000
37 1684295187 0,000000 0,000000 -101,000000 0,000000 0,000000
37 1684295188 0,000000 0,000000 -101,000000 0,000000 0,000000
37 1684295189 4,000000 0,200000 0,800000 0,800000 -20,200000
37 1684295190 4,000000 0,200000 1,600000 1,600000 -20,200000
37 1684295191 4,000000 0,200000 2,400000 2,400000 -20,200000
37 1684295192 4,000000 0,200000 3,200000 3,200000 -20,200000
37 1684295193 4,000000 0,200000 4,000000 4,000000 -20,200000
37 1684295194 0,500000 0,800000 4,400000 4,400000 -20,200000
37 1684295195 0,500000 0,800000 4,800000 4,800000 -20,200000
37 1684295196 0,500000 0,800000 5,200000 5,200000 -20,200000
37 1684295197 0,500000 0,800000 5,600000 5,600000 -20,200000
37 1684295198 0,500000 0,800000 6,000000 6,000000 -20,200000
37 1684295199 0,750000 1,600000 7,200000 7,200000 -20,200000
37 1684295200 0,750000 1,600000 8,400000 8,400000 -20,200000
37 1684295201 0,750000 1,600000 9,600000 9,600000 -20,200000
37 1684295202 0,750000 1,600000 10,800000 10,800000 -20,200000
37 1684295203 0,750000 1,600000 12,000000 12,000000 -20,200000
37 1684295204 0,500000 2,000000 13,000000 13,000000 -20,200000
37 1684295205 0,500000 2,000000 14,000000 14,000000 -20,200000
37 1684295206 0,500000 2,000000 15,000000 15,000000 -20,200000
37 1684295207 0,500000 2,000000 16,000000 16,000000 -20,200000
37 1684295208 0,500000 2,000000 17,000000 17,000000 -20,200000
37 1684295209 0,363636 2,200000 17,800000 17,800000 -20,200000
37 1684295210 0,363636 2,200000 18,600000 18,600000 -20,200000
37 1684295211 0,363636 2,200000 19,400000 19,400000 -20,200000
37 1684295212 0,363636 2,200000 20,200000 20,200000 -20,200000
37 1684295213 0,363636 2,200000 21,000000 21,000000 -20,200000
37 1684295214 0,142857 2,800000 21,400000 21,400000 -20,200000
37 1684295215 0,142857 2,800000 21,800000 21,800000 -20,200000
37 1684295216 0,142857 2,800000 22,200000 22,200000 -20,200000
37 1684295217 0,142857 2,800000 22,600000 22,600000 -20,200000
37 1684295218 0,142857 2,800000 23,000000 23,000000 -20,200000
37 1684295219 0,352941 3,400000 24,200000 24,200000 -20,200000
37 1684295220 0,352941 3,400000 25,400000 25,400000 -20,200000
37 1684295221 0,352941 3,400000 26,600000 26,600000 -20,200000
37 1684295222 0,352941 3,400000 27,800000 27,800000 -20,200000
37 1684295223 0,352941 3,400000 29,000000 29,000000 -20,200000
37 1684295224 0,100000 4,000000 29,400000 29,400000 -20,200000
37 1684295225 0,100000 4,000000 29,800000 29,800000 -20,200000
37 1684295226 0,100000 4,000000 30,200000 30,200000 -20,200000
37 1684295227 0,100000 4,000000 30,600000 30,600000 -20,200000
37 1684295228 0,100000 4,000000 31,000000 31,000000 -20,200000
37 1684295229 0,250000 4,800000 32,200000 32,200000 -20,200000
37 1684295230 0,250000 4,800000 33,400000 33,400000 -20,200000
37 1684295231 0,250000 4,800000 34,600000 34,600000 -20,200000
37 1684295232 0,250000 4,800000 35,800000 35,800000 -20,200000
37 1684295233 0,250000 4,800000 37,000000 37,000000 -20,200000
37 1684295234 0,153846 5,200000 37,800000 37,800000 -20,200000
37 1684295235 0,153846 5,200000 38,600000 38,600000 -20,200000
37 1684295236 0,153846 5,200000 39,400000 39,400000 -20,200000
37 1684295237 0,153846 5,200000 40,200000 40,200000 -20,200000
37 1684295238 0,153846 5,200000 41,000000 41,000000 -20,200000
37 1684295239 -0,066667 6,000000 40,600000 40,600000 -20,200000
37 1684295240 -0,066667 6,000000 40,200000 40,200000 -20,200000
37 1684295241 -0,066667 6,000000 39,800000 39,800000 -20,200000
37 1684295242 -0,066667 6,000000 39,400000 39,400000 -20,200000
37 1684295243 -0,066667 6,000000 39,000000 39,000000 -20,200000
37 1684295244 0,000000 6,000000 39,000000 39,000000 -20,200000
37 1684295245 0,000000 6,000000 39,000000 39,000000 -20,200000
37 1684295246 0,000000 6,000000 39,000000 39,000000 -20,200000
37 1684295247 0,000000 6,000000 39,000000 39,000000 -20,200000
37 1684295248 0,000000 6,000000 39,000000 39,000000 -20,200000
37 1684295249 -0,064516 6,200000 38,600000 38,600000 -20,200000
37 1684295250 -0,064516 6,200000 38,200000 38,200000 -20,200000
37 1684295251 -0,064516 6,200000 37,800000 37,800000 -20,200000
37 1684295252 -0,064516 6,200000 37,400000 37,400000 -20,200000
37 1684295253 -0,064516 6,200000 37,000000 37,000000 -20,200000
37 1684295254 0,060606 6,600000 37,400000 37,400000 -20,200000
37 1684295255 0,060606 6,600000 37,800000 37,800000 -20,200000
37 1684295256 0,060606 6,600000 38,200000 38,200000 -20,200000
37 1684295257 0,060606 6,600000 38,600000 38,600000 -20,200000
37 1684295258 0,060606 6,600000 39,000000 39,000000 -20,200000
37 1684295259 0,000000 6,600000 39,000000 39,000000 -20,200000
37 1684295260 0,000000 6,600000 39,000000 39,000000 -20,200000
37 1684295261 0,000000 6,600000 39,000000 39,000000 -20,200000
37 1684295262 0,000000 6,600000 39,000000 39,000000 -20,200000
37 1684295263 0,000000 6,600000 39,000000 39,000000 -20,200000
37 1684295264 0,000000 6,800000 39,000000 39,000000 -20,200000
37 1684295265 0,000000 6,800000 39,000000 39,000000 -20,200000
37 1684295266 0,000000 6,800000 39,000000 39,000000 -20,200000
37 1684295267 0,000000 6,800000 39,000000 39,000000 -20,200000
37 1684295268 0,000000 6,800000 39,000000 39,000000 -20,200000
37 1684295269 0,054054 7,400000 39,400000 39,400000 -20,200000
37 1684295270 0,054054 7,400000 39,800000 39,800000 -20,200000
37 1684295271 0,054054 7,400000 40,200000 40,200000 -20,200000
37 1684295272 0,054054 7,400000 40,600000 40,600000 -20,200000
37 1684295273 0,054054 7,400000 41,000000 41,000000 -20,200000
37 1684295274 -0,051282 7,800000 40,600000 40,600000 -20,200000
37 1684295275 -0,051282 7,800000 40,200000 40,200000 -20,200000
37 1684295276 -0,051282 7,800000 39,800000 39,800000 -20,200000
37 1684295277 -0,051282 7,800000 39,400000 39,400000 -20,200000
37 1684295278 -0,051282 7,800000 39,000000 39,000000 -20,200000
37 1684295279 0,048780 8,200000 39,400000 39,400000 -20,200000
37 1684295280 0,048780 8,200000 39,800000 39,800000 -20,200000
37 1684295281 0,048780 8,200000 40,200000 40,200000 -20,200000
37 1684295282 0,048780 8,200000 40,600000 40,600000 -20,200000
37 1684295283 0,048780 8,200000 41,000000 41,000000 -20,200000
37 1684295284 0,045455 8,800000 41,400000 41,400000 -20,200000
37 1684295285 0,045455 8,800000 41,800000 41,800000 -20,200000
37 1684295286 0,045455 8,800000 42,200000 42,200000 -20,200000
37 1684295287 0,045455 8,800000 42,600000 42,600000 -20,200000
37 1684295288 0,045455 8,800000 43,000000 43,000000 -20,200000
37 1684295289 -0,130435 9,200000 41,800000 41,800000 -20,200000
37 1684295290 -0,130435 9,200000 40,600000 40,600000 -20,200000
37 1684295291 -0,130435 9,200000 39,400000 39,400000 -20,200000
37 1684295292 -0,130435 9,200000 38,200000 38,200000 -20,200000
37 1684295293 -0,130435 9,200000 37,000000 37,000000 -20,200000
37 1684295294 0,020833 9,600000 37,200000 37,200000 -20,200000
37 1684295295 0,020833 9,600000 37,400000 37,400000 -20,200000
37 1684295296 0,020833 9,600000 37,600000 37,600000 -20,200000
37 1684295297 0,020833 9,600000 37,800000 37,800000 -20,200000
37 1684295298 0,020833 9,600000 38,000000 38,000000 -20,200000
37 1684295299 0,040816 9,800000 38,400000 38,400000 -20,200000
37 1684295300 0,040816 9,800000 38,800000 38,800000 -20,200000
37 1684295301 0,040816 9,800000 39,200000 39,200000 -20,200000
37 1684295302 0,040816 9,800000 39,600000 39,600000 -20,200000
37 1684295303 0,040816 9,800000 40,000000 40,000000 -20,200000
37 1684295304 -0,039216 10,200000 39,600000 39,600000 -20,200000
37 1684295305 -0,039216 10,200000 39,200000 39,200000 -20,200000
37 1684295306 -0,039216 10,200000 38,800000 38,800000 -20,200000
37 1684295307 -0,039216 10,200000 38,400000 38,400000 -20,200000
37 1684295308 -0,039216 10,200000 38,000000 38,000000 -20,200000
37 1684295309 0,000000 10,400000 38,000000 38,000000 -20,200000
37 1684295310 0,000000 10,400000 38,000000 38,000000 -20,200000
37 1684295311 0,000000 10,400000 38,000000 38,000000 -20,200000
37 1684295312 0,000000 10,400000 38,000000 38,000000 -20,200000
37 1684295313 0,000000 10,400000 38,000000 38,000000 -20,200000
37 1684295314 -0,018519 10,800000 37,800000 37,800000 -20,200000
37 1684295315 -0,018519 10,800000 37,600000 37,600000 -20,200000
37 1684295316 -0,018519 10,800000 37,400000 37,400000 -20,200000
37 1684295317 -0,018519 10,800000 37,200000 37,200000 -20,200000
37 1684295318 -0,018519 10,800000 37,000000 37,000000 -20,200000
37 1684295319 0,035714 11,200000 37,400000 37,400000 -20,200000
37 1684295320 0,035714 11,200000 37,800000 37,800000 -20,200000
37 1684295321 0,035714 11,200000 38,200000 38,200000 -20,200000
37 1684295322 0,035714 11,200000 38,600000 38,600000 -20,200000
37 1684295323 0,035714 11,200000 39,000000 39,000000 -20,200000
37 1684295324 -0,016129 12,400000 38,800000 38,800000 -20,200000
37 1684295325 -0,016129 12,400000 38,600000 38,600000 -20,200000
37 1684295326 -0,016129 12,400000 38,400000 38,400000 -20,200000
37 1684295327 -0,016129 12,400000 38,200000 38,200000 -20,200000
37 1684295328 -0,016129 12,400000 38,000000 38,000000 -20,200000
37 1684295329 0,000000 13,200000 38,000000 38,000000 -20,200000
37 1684295330 0,000000 13,200000 38,000000 38,000000 -20,200000
37 1684295331 0,000000 13,200000 38,000000 38,000000 -20,200000
37 1684295332 0,000000 13,200000 38,000000 38,000000 -20,200000
37 1684295333 0,000000 13,200000 38,000000 38,000000 -20,200000
37 1684295334 0,000000 13,200000 38,000000 38,000000 -20,200000
37 1684295335 0,000000 13,200000 38,000000 38,000000 -20,200000
37 1684295336 0,000000 13,200000 38,000000 38,000000 -20,200000
37 1684295337 0,000000 13,200000 38,000000 38,000000 -20,200000
37 1684295338 0,000000 13,200000 38,000000 38,000000 -20,200000
37 1684295339 0,000000 13,600000 38,000000 38,000000 -20,200000
37 1684295340 0,000000 13,600000 38,000000 38,000000 -20,200000
37 1684295341 0,000000 13,600000 38,000000 38,000000 -20,200000
37 1684295342 0,000000 13,600000 38,000000 38,000000 -20,200000
37 1684295343 0,000000 13,600000 38,000000 38,000000 -20,200000
37 1684295344 0,000000 13,600000 38,000000 38,000000 -20,200000
37 1684295345 0,000000 13,600000 38,000000 38,000000 -20,200000
37 1684295346 0,000000 13,600000 38,000000 38,000000 -20,200000
37 1684295347 0,000000 13,600000 38,000000 38,000000 -20,200000
37 1684295348 0,000000 13,600000 38,000000 38,000000 -20,200000
37 1684295349 0,014493 13,800000 38,200000 38,200000 -20,200000
37 1684295350 0,014493 13,800000 38,400000 38,400000 -20,200000
37 1684295351 0,014493 13,800000 38,600000 38,600000 -20,200000
37 1684295352 0,014493 13,800000 38,800000 38,800000 -20,200000
37 1684295353 0,014493 13,800000 39,000000 39,000000 -20,200000
37 1684295354 0,000000 14,200000 39,000000 39,000000 -20,200000
37 1684295355 0,000000 14,200000 39,000000 39,000000 -20,200000
37 1684295356 0,000000 14,200000 39,000000 39,000000 -20,200000
37 1684295357 0,000000 14,200000 39,000000 39,000000 -20,200000
37 1684295358 0,000000 14,200000 39,000000 39,000000 -20,200000
37 1684295359 -0,027397 14,600000 38,600000 38,600000 -20,200000
37 1684295360 -0,027397 14,600000 38,200000 38,200000 -20,200000
37 1684295361 -0,027397 14,600000 37,800000 37,800000 -20,200000
37 1684295362 -0,027397 14,600000 37,400000 37,400000 -20,200000
37 1684295363 -0,027397 14,600000 37,000000 37,000000 -20,200000
37 1684295364 0,052632 15,200000 37,800000 37,800000 -20,200000
37 1684295365 0,052632 15,200000 38,600000 38,600000 -20,200000
37 1684295366 0,052632 15,200000 39,400000 39,400000 -20,200000
37 1684295367 0,052632 15,200000 40,200000 40,200000 -20,200000
37 1684295368 0,052632 15,200000 41,000000 41,000000 -20,200000
37 1684295369 -0,012821 15,600000 40,800000 40,800000 -20,200000
37 1684295370 -0,012821 15,600000 40,600000 40,600000 -20,200000
37 1684295371 -0,012821 15,600000 40,400000 40,400000 -20,200000
37 1684295372 -0,012821 15,600000 40,200000 40,200000 -20,200000
37 1684295373 -0,012821 15,600000 40,000000 40,000000 -20,200000
37 1684295374 0,050000 16,000000 40,800000 40,800000 -20,200000
37 1684295375 0,050000 16,000000 41,600000 41,600000 -20,200000
37 1684295376 0,050000 16,000000 42,400000 42,400000 -20,200000
37 1684295377 0,050000 16,000000 43,200000 43,200000 -20,200000
37 1684295378 0,050000 16,000000 44,000000 44,000000 -20,200000
37 1684295379 -0,071429 16,800000 42,800000 42,800000 -20,200000
37 1684295380 -0,071429 16,800000 41,600000 41,600000 -20,200000
37 1684295381 -0,071429 16,800000 40,400000 40,400000 -20,200000
37 1684295382 -0,071429 16,800000 39,200000 39,200000 -20,200000
37 1684295383 -0,071429 16,800000 38,000000 38,000000 -20,200000
37 1684295384 0,000000 16,800000 38,000000 38,000000 -20,200000
37 1684295385 0,000000 16,800000 38,000000 38,000000 -20,200000
37 1684295386 0,000000 16,800000 38,000000 38,000000 -20,200000
37 1684295387 0,000000 16,800000 38,000000 38,000000 -20,200000
37 1684295388 0,000000 16,800000 38,000000 38,000000 -20,200000
37 1684295389 0,000000 17,000000 38,000000 38,000000 -20,200000
37 1684295390 0,000000 17,000000 38,000000 38,000000 -20,200000
37 1684295391 0,000000 17,000000 38,000000 38,000000 -20,200000
37 1684295392 0,000000 17,000000 38,000000 38,000000 -20,200000
37 1684295393 0,000000 17,000000 38,000000 38,000000 -20,200000
37 1684295394 0,034483 17,400000 38,600000 38,600000 -20,200000
37 1684295395 0,034483 17,400000 39,200000 39,200000 -20,200000
37 1684295396 0,034483 17,400000 39,800000 39,800000 -20,200000
37 1684295397 0,034483 17,400000 40,400000 40,400000 -20,200000
37 1684295398 0,034483 17,400000 41,000000 41,000000 -20,200000
37 1684295399 -0,054945 18,200000 40,000000 40,000000 -20,200000
37 1684295400 -0,054945 18,200000 39,000000 39,000000 -20,200000
37 1684295401 -0,054945 18,200000 38,000000 38,000000 -20,200000
37 1684295402 -0,054945 18,200000 37,000000 37,000000 -20,200000
37 1684295403 -0,054945 18,200000 36,000000 36,000000 -20,200000
37 1684295404 0,031915 18,800000 36,600000 36,600000 -20,200000
37 1684295405 0,031915 18,800000 37,200000 37,200000 -20,200000
37 1684295406 0,031915 18,800000 37,800000 37,800000 -20,200000
37 1684295407 0,031915 18,800000 38,400000 38,400000 -20,200000
37 1684295408 0,031915 18,800000 39,000000 39,000000 -20,200000
37 1684295409 0,000000 19,200000 39,000000 39,000000 -20,200000
37 1684295410 0,000000 19,200000 39,000000 39,000000 -20,200000
37 1684295411 0,000000 19,200000 39,000000 39,000000 -20,200000
37 1684295412 0,000000 19,200000 39,000000 39,000000 -20,200000
37 1684295413 0,000000 19,200000 39,000000 39,000000 -20,200000
37 1684295414 0,000000 19,200000 39,000000 39,000000 -20,200000
37 1684295415 0,000000 19,200000 39,000000 39,000000 -20,200000
37 1684295416 0,000000 19,200000 39,000000 39,000000 -20,200000
37 1684295417 0,000000 19,200000 39,000000 39,000000 -20,200000
37 1684295418 0,000000 19,200000 39,000000 39,000000 -20,200000
37 1684295419 0,020619 19,400000 39,400000 39,400000 -20,200000
37 1684295420 0,020619 19,400000 39,800000 39,800000 -20,200000
37 1684295421 0,020619 19,400000 40,200000 40,200000 -20,200000
37 1684295422 0,020619 19,400000 40,600000 40,600000 -20,200000
37 1684295423 0,020619 19,400000 41,000000 41,000000 -20,200000
37 1684295424 0,000000 20,000000 41,000000 41,000000 -20,200000
37 1684295425 0,000000 20,000000 41,000000 41,000000 -20,200000
37 1684295426 0,000000 20,000000 41,000000 41,000000 -20,200000
37 1684295427 0,000000 20,000000 41,000000 41,000000 -20,200000
37 1684295428 0,000000 20,000000 41,000000 41,000000 -20,200000
37 1684295429 0,019802 20,200000 41,400000 41,400000 -20,200000
37 1684295430 0,019802 20,200000 41,800000 41,800000 -20,200000
37 1684295431 0,019802 20,200000 42,200000 42,200000 -20,200000
37 1684295432 0,019802 20,200000 42,600000 42,600000 -20,200000
37 1684295433 0,019802 20,200000 43,000000 43,000000 -20,200000
37 1684295434 -0,057143 21,000000 41,800000 41,800000 -20,200000
37 1684295435 -0,057143 21,000000 40,600000 40,600000 -20,200000
37 1684295436 -0,057143 21,000000 39,400000 39,400000 -20,200000
37 1684295437 -0,057143 21,000000 38,200000 38,200000 -20,200000
37 1684295438 -0,057143 21,000000 37,000000 37,000000 -20,200000
37 1684295439 0,000000 22,200000 37,000000 37,000000 -20,200000
37 1684295440 0,000000 22,200000 37,000000 37,000000 -20,200000
37 1684295441 0,000000 22,200000 37,000000 37,000000 -20,200000
37 1684295442 0,000000 22,200000 37,000000 37,000000 -20,200000
37 1684295443 0,000000 22,200000 37,000000 37,000000 -20,200000
37 1684295444 0,000000 22,400000 37,000000 37,000000 -20,200000
37 1684295445 0,000000 22,400000 37,000000 37,000000 -20,200000
37 1684295446 0,000000 22,400000 37,000000 37,000000 -20,200000
37 1684295447 0,000000 22,400000 37,000000 37,000000 -20,200000
37 1684295448 0,000000 22,400000 37,000000 37,000000 -20,200000
37 1684295449 0,000000 22,800000 37,000000 37,000000 -20,200000
37 1684295450 0,000000 22,800000 37,000000 37,000000 -20,200000
37 1684295451 0,000000 22,800000 37,000000 37,000000 -20,200000
37 1684295452 0,000000 22,800000 37,000000 37,000000 -20,200000
37 1684295453 0,000000 22,800000 37,000000 37,000000 -20,200000
37 1684295454 0,000000 22,800000 37,000000 37,000000 -20,200000
37 1684295455 0,000000 22,800000 37,000000 37,000000 -20,200000
37 1684295456 0,000000 22,800000 37,000000 37,000000 -20,200000
37 1684295457 0,000000 22,800000 37,000000 37,000000 -20,200000
37 1684295458 0,000000 22,800000 37,000000 37,000000 -20,200000
37 1684295459 0,000000 22,800000 37,000000 37,000000 -20,200000
37 1684295460 0,000000 22,800000 37,000000 37,000000 -20,200000
37 1684295461 0,000000 22,800000 37,000000 37,000000 -20,200000
37 1684295462 0,000000 22,800000 37,000000 37,000000 -20,200000
37 1684295463 0,000000 22,800000 37,000000 37,000000 -20,200000
37 1684295464 0,000000 22,800000 37,000000 37,000000 -20,200000
37 1684295465 0,000000 22,800000 37,000000 37,000000 -20,200000
37 1684295466 0,000000 22,800000 37,000000 37,000000 -20,200000
37 1684295467 0,000000 22,800000 37,000000 37,000000 -20,200000
37 1684295468 0,000000 22,800000 37,000000 37,000000 -20,200000
37 1684295469 0,017094 23,400000 37,400000 37,400000 -20,200000
37 1684295470 0,017094 23,400000 37,800000 37,800000 -20,200000
37 1684295471 0,017094 23,400000 38,200000 38,200000 -20,200000
37 1684295472 0,017094 23,400000 38,600000 38,600000 -20,200000
37 1684295473 0,017094 23,400000 39,000000 39,000000 -20,200000
37 1684295474 0,000000 24,800000 39,000000 39,000000 -20,200000
37 1684295475 0,000000 24,800000 39,000000 39,000000 -20,200000
37 1684295476 0,000000 24,800000 39,000000 39,000000 -20,200000
37 1684295477 0,000000 24,800000 39,000000 39,000000 -20,200000
37 1684295478 0,000000 24,800000 39,000000 39,000000 -20,200000
37 1684295479 0,023256 25,800000 39,600000 39,600000 -20,200000
37 1684295480 0,023256 25,800000 40,200000 40,200000 -20,200000
37 1684295481 0,023256 25,800000 40,800000 40,800000 -20,200000
37 1684295482 0,023256 25,800000 41,400000 41,400000 -20,200000
37 1684295483 0,023256 25,800000 42,000000 42,000000 -20,200000
37 1684295484 -0,022901 26,200000 41,400000 41,400000 -20,200000
37 1684295485 -0,022901 26,200000 40,800000 40,800000 -20,200000
37 1684295486 -0,022901 26,200000 40,200000 40,200000 -20,200000
37 1684295487 -0,022901 26,200000 39,600000 39,600000 -20,200000
37 1684295488 -0,022901 26,200000 39,000000 39,000000 -20,200000
37 1684295489 0,015038 26,600000 39,400000 39,400000 -20,200000
37 1684295490 0,015038 26,600000 39,800000 39,800000 -20,200000
37 1684295491 0,015038 26,600000 40,200000 40,200000 -20,200000
37 1684295492 0,015038 26,600000 40,600000 40,600000 -20,200000
37 1684295493 0,015038 26,600000 41,000000 41,000000 -20,200000
37 1684295494 -0,021898 27,400000 40,400000 40,400000 -20,200000
37 1684295495 -0,021898 27,400000 39,800000 39,800000 -20,200000
37 1684295496 -0,021898 27,400000 39,200000 39,200000 -20,200000
37 1684295497 -0,021898 27,400000 38,600000 38,600000 -20,200000
37 1684295498 -0,021898 27,400000 38,000000 38,000000 -20,200000
37 1684295499 0,000000 27,400000 38,000000 38,000000 -20,200000
37 1684295500 0,000000 27,400000 38,000000 38,000000 -20,200000
37 1684295501 0,000000 27,400000 38,000000 38,000000 -20,200000
37 1684295502 0,000000 27,400000 38,000000 38,000000 -20,200000
37 1684295503 0,000000 27,400000 38,000000 38,000000 -20,200000
37 1684295504 0,000000 27,400000 38,000000 38,000000 -20,200000
37 1684295505 0,000000 27,400000 38,000000 38,000000 -20,200000
37 1684295506 0,000000 27,400000 38,000000 38,000000 -20,200000
37 1684295507 0,000000 27,400000 38,000000 38,000000 -20,200000
37 1684295508 0,000000 27,400000 38,000000 38,000000 -20,200000
37 1684295509 -0,014493 27,600000 37,600000 37,600000 -20,200000
37 1684295510 -0,014493 27,600000 37,200000 37,200000 -20,200000
37 1684295511 -0,014493 27,600000 36,800000 36,800000 -20,200000
37 1684295512 -0,014493 27,600000 36,400000 36,400000 -20,200000
37 1684295513 -0,014493 27,600000 36,000000 36,000000 -20,200000
37 1684295514 0,021277 28,200000 36,600000 36,600000 -20,200000
37 1684295515 0,021277 28,200000 37,200000 37,200000 -20,200000
37 1684295516 0,021277 28,200000 37,800000 37,800000 -20,200000
37 1684295517 0,021277 28,200000 38,400000 38,400000 -20,200000
37 1684295518 0,021277 28,200000 39,000000 39,000000 -20,200000
37 1684295519 -0,013889 28,800000 38,600000 38,600000 -20,200000
37 1684295520 -0,013889 28,800000 38,200000 38,200000 -20,200000
37 1684295521 -0,013889 28,800000 37,800000 37,800000 -20,200000
37 1684295522 -0,013889 28,800000 37,400000 37,400000 -20,200000
37 1684295523 -0,013889 28,800000 37,000000 37,000000 -20,200000
37 1684295524 0,013605 29,400000 37,400000 37,400000 -20,200000
37 1684295525 0,013605 29,400000 37,800000 37,800000 -20,200000
37 1684295526 0,013605 29,400000 38,200000 38,200000 -20,200000
37 1684295527 0,013605 29,400000 38,600000 38,600000 -20,200000
37 1684295528 0,013605 29,400000 39,000000 39,000000 -20,200000
37 1684295529 0,013423 29,800000 39,400000 39,400000 -20,200000
37 1684295530 0,013423 29,800000 39,800000 39,800000 -20,200000
37 1684295531 0,013423 29,800000 40,200000 40,200000 -20,200000
37 1684295532 0,013423 29,800000 40,600000 40,600000 -20,200000
37 1684295533 0,013423 29,800000 41,000000 41,000000 -20,200000
37 1684295534 -0,019608 30,600000 40,400000 40,400000 -20,200000
37 1684295535 -0,019608 30,600000 39,800000 39,800000 -20,200000
37 1684295536 -0,019608 30,600000 39,200000 39,200000 -20,200000
37 1684295537 -0,019608 30,600000 38,600000 38,600000 -20,200000
37 1684295538 -0,019608 30,600000 38,000000 38,000000 -20,200000
37 1684295539 0,000000 30,600000 38,000000 38,000000 -20,200000
37 1684295540 0,000000 30,600000 38,000000 38,000000 -20,200000
37 1684295541 0,000000 30,600000 38,000000 38,000000 -20,200000
37 1684295542 0,000000 30,600000 38,000000 38,000000 -20,200000
37 1684295543 0,000000 30,600000 38,000000 38,000000 -20,200000
37 1684295544 -0,006494 30,800000 37,800000 37,800000 -20,200000
37 1684295545 -0,006494 30,800000 37,600000 37,600000 -20,200000
37 1684295546 -0,006494 30,800000 37,400000 37,400000 -20,200000
37 1684295547 -0,006494 30,800000 37,200000 37,200000 -20,200000
37 1684295548 -0,006494 30,800000 37,000000 37,000000 -20,200000
37 1684295549 0,012821 31,200000 37,400000 37,400000 -20,200000
37 1684295550 0,012821 31,200000 37,800000 37,800000 -20,200000
37 1684295551 0,012821 31,200000 38,200000 38,200000 -20,200000
37 1684295552 0,012821 31,200000 38,600000 38,600000 -20,200000
37 1684295553 0,012821 31,200000 39,000000 39,000000 -20,200000
37 1684295554 0,000000 31,200000 39,000000 39,000000 -20,200000
37 1684295555 0,000000 31,200000 39,000000 39,000000 -20,200000
37 1684295556 0,000000 31,200000 39,000000 39,000000 -20,200000
37 1684295557 0,000000 31,200000 39,000000 39,000000 -20,200000
37 1684295558 0,000000 31,200000 39,000000 39,000000 -20,200000
37 1684295559 0,012658 31,600000 39,400000 39,400000 -20,200000
37 1684295560 0,012658 31,600000 39,800000 39,800000 -20,200000
37 1684295561 0,012658 31,600000 40,200000 40,200000 -20,200000
37 1684295562 0,012658 31,600000 40,600000 40,600000 -20,200000
37 1684295563 0,012658 31,600000 41,000000 41,000000 -20,200000
37 1684295564 -0,012346 32,400000 40,600000 40,600000 -20,200000
37 1684295565 -0,012346 32,400000 40,200000 40,200000 -20,200000
37 1684295566 -0,012346 32,400000 39,800000 39,800000 -20,200000
37 1684295567 -0,012346 32,400000 39,400000 39,400000 -20,200000
37 1684295568 -0,012346 32,400000 39,000000 39,000000 -20,200000
37 1684295569 0,000000 32,600000 39,000000 39,000000 -20,200000
37 1684295570 0,000000 32,600000 39,000000 39,000000 -20,200000
37 1684295571 0,000000 32,600000 39,000000 39,000000 -20,200000
37 1684295572 0,000000 32,600000 39,000000 39,000000 -20,200000
37 1684295573 0,000000 32,600000 39,000000 39,000000 -20,200000
37 1684295574 0,024242 33,000000 39,800000 39,800000 -20,200000
37 1684295575 0,024242 33,000000 40,600000 40,600000 -20,200000
37 1684295576 0,024242 33,000000 41,400000 41,400000 -20,200000
37 1684295577 0,024242 33,000000 42,200000 42,200000 -20,200000
37 1684295578 0,024242 33,000000 43,000000 43,000000 -20,200000
37 1684295579 0,011905 33,600000 43,400000 43,400000 -20,200000
37 1684295580 0,011905 33,600000 43,800000 43,800000 -20,200000
37 1684295581 0,011905 33,600000 44,200000 44,200000 -20,200000
37 1684295582 0,011905 33,600000 44,600000 44,600000 -20,200000
37 1684295583 0,011905 33,600000 45,000000 45,000000 -20,200000
37 1684295584 -0,046243 34,600000 43,400000 43,400000 -20,200000
37 1684295585 -0,046243 34,600000 41,800000 41,800000 -20,200000
37 1684295586 -0,046243 34,600000 40,200000 40,200000 -20,200000
37 1684295587 -0,046243 34,600000 38,600000 38,600000 -20,200000
37 1684295588 -0,046243 34,600000 37,000000 37,000000 -20,200000
37 1684295589 0,005714 35,000000 37,200000 37,200000 -20,200000
37 1684295590 0,005714 35,000000 37,400000 37,400000 -20,200000
37 1684295591 0,005714 35,000000 37,600000 37,600000 -20,200000
37 1684295592 0,005714 35,000000 37,800000 37,800000 -20,200000
37 1684295593 0,005714 35,000000 38,000000 38,000000 -20,200000
37 1684295594 0,000000 35,000000 38,000000 38,000000 -20,200000
37 1684295595 0,000000 35,000000 38,000000 38,000000 -20,200000
37 1684295596 0,000000 35,000000 38,000000 38,000000 -20,200000
37 1684295597 0,000000 35,000000 38,000000 38,000000 -20,200000
37 1684295598 0,000000 35,000000 38,000000 38,000000 -20,200000
37 1684295599 0,000000 35,200000 38,000000 38,000000 -20,200000
37 1684295600 0,000000 35,200000 38,000000 38,000000 -20,200000
37 1684295601 0,000000 35,200000 38,000000 38,000000 -20,200000
37 1684295602 0,000000 35,200000 38,000000 38,000000 -20,200000
37 1684295603 0,000000 35,200000 38,000000 38,000000 -20,200000
37 1684295604 0,022472 35,600000 38,800000 38,800000 -20,200000
37 1684295605 0,022472 35,600000 39,600000 39,600000 -20,200000
37 1684295606 0,022472 35,600000 40,400000 40,400000 -20,200000
37 1684295607 0,022472 35,600000 41,200000 41,200000 -20,200000
37 1684295608 0,022472 35,600000 42,000000 42,000000 -20,200000
37 1684295609 -0,021858 36,600000 41,200000 41,200000 -20,200000
37 1684295610 -0,021858 36,600000 40,400000 40,400000 -20,200000
37 1684295611 -0,021858 36,600000 39,600000 39,600000 -20,200000
37 1684295612 -0,021858 36,600000 38,800000 38,800000 -20,200000
37 1684295613 -0,021858 36,600000 38,000000 38,000000 -20,200000
37 1684295614 0,000000 36,800000 38,000000 38,000000 -20,200000
37 1684295615 0,000000 36,800000 38,000000 38,000000 -20,200000
37 1684295616 0,000000 36,800000 38,000000 38,000000 -20,200000
37 1684295617 0,000000 36,800000 38,000000 38,000000 -20,200000
37 1684295618 0,000000 36,800000 38,000000 38,000000 -20,200000
37 1684295619 -0,010695 37,400000 37,600000 37,600000 -20,200000
37 1684295620 -0,010695 37,400000 37,200000 37,200000 -20,200000
37 1684295621 -0,010695 37,400000 36,800000 36,800000 -20,200000
37 1684295622 -0,010695 37,400000 36,400000 36,400000 -20,200000
37 1684295623 -0,010695 37,400000 36,000000 36,000000 -20,200000
37 1684295624 0,015789 38,000000 36,600000 36,600000 -20,200000
37 1684295625 0,015789 38,000000 37,200000 37,200000 -20,200000
37 1684295626 0,015789 38,000000 37,800000 37,800000 -20,200000
37 1684295627 0,015789 38,000000 38,400000 38,400000 -20,200000
37 1684295628 0,015789 38,000000 39,000000 39,000000 -20,200000
37 1684295629 0,005236 38,200000 39,200000 39,200000 -20,200000
37 1684295630 0,005236 38,200000 39,400000 39,400000 -20,200000
37 1684295631 0,005236 38,200000 39,600000 39,600000 -20,200000
37 1684295632 0,005236 38,200000 39,800000 39,800000 -20,200000
37 1684295633 0,005236 38,200000 40,000000 40,000000 -20,200000
37 1684295634 -0,015544 38,600000 39,400000 39,400000 -20,200000
37 1684295635 -0,015544 38,600000 38,800000 38,800000 -20,200000
37 1684295636 -0,015544 38,600000 38,200000 38,200000 -20,200000
37 1684295637 -0,015544 38,600000 37,600000 37,600000 -20,200000
37 1684295638 -0,015544 38,600000 37,000000 37,000000 -20,200000
37 1684295639 0,000000 38,600000 37,000000 37,000000 -20,200000
37 1684295640 0,000000 38,600000 37,000000 37,000000 -20,200000
37 1684295641 0,000000 38,600000 37,000000 37,000000 -20,200000
37 1684295642 0,000000 38,600000 37,000000 37,000000 -20,200000
37 1684295643 0,000000 38,600000 37,000000 37,000000 -20,200000
37 1684295644 0,000000 38,800000 37,000000 37,000000 -20,200000
37 1684295645 0,000000 38,800000 37,000000 37,000000 -20,200000
37 1684295646 0,000000 38,800000 37,000000 37,000000 -20,200000
37 1684295647 0,000000 38,800000 37,000000 37,000000 -20,200000
37 1684295648 0,000000 38,800000 37,000000 37,000000 -20,200000
37 1684295649 0,000000 39,200000 37,000000 37,000000 -20,200000
37 1684295650 0,000000 39,200000 37,000000 37,000000 -20,200000
37 1684295651 0,000000 39,200000 37,000000 37,000000 -20,200000
37 1684295652 0,000000 39,200000 37,000000 37,000000 -20,200000
37 1684295653 0,000000 39,200000 37,000000 37,000000 -20,200000
37 1684295654 0,015152 39,600000 37,600000 37,600000 -20,200000
37 1684295655 0,015152 39,600000 38,200000 38,200000 -20,200000
37 1684295656 0,015152 39,600000 38,800000 38,800000 -20,200000
37 1684295657 0,015152 39,600000 39,400000 39,400000 -20,200000
37 1684295658 0,015152 39,600000 40,000000 40,000000 -20,200000
37 1684295659 -0,014778 40,600000 39,400000 39,400000 -20,200000
37 1684295660 -0,014778 40,600000 38,800000 38,800000 -20,200000
37 1684295661 -0,014778 40,600000 38,200000 38,200000 -20,200000
37 1684295662 -0,014778 40,600000 37,600000 37,600000 -20,200000
37 1684295663 -0,014778 40,600000 37,000000 37,000000 -20,200000
37 1684295664 0,009756 41,000000 37,400000 37,400000 -20,200000
37 1684295665 0,009756 41,000000 37,800000 37,800000 -20,200000
37 1684295666 0,009756 41,000000 38,200000 38,200000 -20,200000
37 1684295667 0,009756 41,000000 38,600000 38,600000 -20,200000
37 1684295668 0,009756 41,000000 39,000000 39,000000 -20,200000
37 1684295669 0,000000 41,000000 39,000000 39,000000 -20,200000
37 1684295670 0,000000 41,000000 39,000000 39,000000 -20,200000
37 1684295671 0,000000 41,000000 39,000000 39,000000 -20,200000
37 1684295672 0,000000 41,000000 39,000000 39,000000 -20,200000
37 1684295673 0,000000 41,000000 39,000000 39,000000 -20,200000
37 1684295674 0,009709 41,200000 39,400000 39,400000 -20,200000
37 1684295675 0,009709 41,200000 39,800000 39,800000 -20,200000
37 1684295676 0,009709 41,200000 40,200000 40,200000 -20,200000
37 1684295677 0,009709 41,200000 40,600000 40,600000 -20,200000
37 1684295678 0,009709 41,200000 41,000000 41,000000 -20,200000
37 1684295679 0,004739 42,200000 41,200000 41,200000 -20,200000
37 1684295680 0,004739 42,200000 41,400000 41,400000 -20,200000
37 1684295681 0,004739 42,200000 41,600000 41,600000 -20,200000
37 1684295682 0,004739 42,200000 41,800000 41,800000 -20,200000
37 1684295683 0,004739 42,200000 42,000000 42,000000 -20,200000
37 1684295684 0,009390 42,600000 42,400000 42,400000 -20,200000
37 1684295685 0,009390 42,600000 42,800000 42,800000 -20,200000
37 1684295686 0,009390 42,600000 43,200000 43,200000 -20,200000
37 1684295687 0,009390 42,600000 43,600000 43,600000 -20,200000
37 1684295688 0,009390 42,600000 44,000000 44,000000 -20,200000
37 1684295689 -0,018433 43,400000 43,200000 43,200000 -20,200000
37 1684295690 -0,018433 43,400000 42,400000 42,400000 -20,200000
37 1684295691 -0,018433 43,400000 41,600000 41,600000 -20,200000
37 1684295692 -0,018433 43,400000 40,800000 40,800000 -20,200000
37 1684295693 -0,018433 43,400000 40,000000 40,000000 -20,200000
37 1684295694 -0,009174 43,600000 39,600000 39,600000 -20,200000
37 1684295695 -0,009174 43,600000 39,200000 39,200000 -20,200000
37 1684295696 -0,009174 43,600000 38,800000 38,800000 -20,200000
37 1684295697 -0,009174 43,600000 38,400000 38,400000 -20,200000
37 1684295698 -0,009174 43,600000 38,000000 38,000000 -20,200000
37 1684295699 0,018018 44,400000 38,800000 38,800000 -20,200000
37 1684295700 0,018018 44,400000 39,600000 39,600000 -20,200000
37 1684295701 0,018018 44,400000 40,400000 40,400000 -20,200000
37 1684295702 0,018018 44,400000 41,200000 41,200000 -20,200000
37 1684295703 0,018018 44,400000 42,000000 42,000000 -20,200000
37 1684295704 -0,013274 45,200000 41,400000 41,400000 -20,200000
37 1684295705 -0,013274 45,200000 40,800000 40,800000 -20,200000
37 1684295706 -0,013274 45,200000 40,200000 40,200000 -20,200000
37 1684295707 -0,013274 45,200000 39,600000 39,600000 -20,200000
37 1684295708 -0,013274 45,200000 39,000000 39,000000 -20,200000
37 1684295709 0,000000 45,600000 39,000000 39,000000 -20,200000
37 1684295710 0,000000 45,600000 39,000000 39,000000 -20,200000
37 1684295711 0,000000 45,600000 39,000000 39,000000 -20,200000
37 1684295712 0,000000 45,600000 39,000000 39,000000 -20,200000
37 1684295713 0,000000 45,600000 39,000000 39,000000 -20,200000
37 1684295714 0,000000 45,600000 39,000000 39,000000 -20,200000
37 1684295715 0,000000 45,600000 39,000000 39,000000 -20,200000
37 1684295716 0,000000 45,600000 39,000000 39,000000 -20,200000
37 1684295717 0,000000 45,600000 39,000000 39,000000 -20,200000
37 1684295718 0,000000 45,600000 39,000000 39,000000 -20,200000
37 1684295780 0,000000 0,500000 38,000000 38,000000 5100,500000
37 1684295779 0,000000 0,500000 38,000000 38,000000 5100,500000
37 1684295778 1,000000 0,200000 38,000000 38,000000 2040,208000
37 1684295777 1,000000 0,200000 37,800000 37,800000 2040,208000
37 1684295776 1,000000 0,200000 37,600000 37,600000 2040,208000
37 1684295775 1,000000 0,200000 37,400000 37,400000 2040,208000
37 1684295774 1,000000 0,200000 37,200000 37,200000 2040,208000
37 1684295773 -4,000000 0,200000 37,000000 37,000000 2040,328000
37 1684295772 -4,000000 0,200000 37,800000 37,800000 2040,328000
37 1684295771 -4,000000 0,200000 38,600000 38,600000 2040,328000
37 1684295770 -4,000000 0,200000 39,400000 39,400000 2040,328000
37 1684295769 -4,000000 0,200000 40,200000 40,200000 2040,328000
37 1684295768 2,000000 0,200000 41,000000 41,000000 2040,232000
37 1684295767 2,000000 0,200000 40,600000 40,600000 2040,232000
37 1684295766 2,000000 0,200000 40,200000 40,200000 2040,232000
37 1684295765 2,000000 0,200000 39,800000 39,800000 2040,232000
37 1684295764 2,000000 0,200000 39,400000 39,400000 2040,232000
37 1684295763 0,000000 0,200000 39,000000 39,000000 2040,200000
37 1684295762 0,000000 0,200000 39,000000 39,000000 2040,200000
37 1684295761 0,000000 0,200000 39,000000 39,000000 2040,200000
37 1684295760 0,000000 0,200000 39,000000 39,000000 2040,200000
37 1684295759 0,000000 0,200000 39,000000 39,000000 2040,200000
37 1684295758 -3,000000 0,200000 39,000000 39,000000 2040,272000
37 1684295757 -3,000000 0,200000 39,600000 39,600000 2040,272000
37 1684295756 -3,000000 0,200000 40,200000 40,200000 2040,272000
37 1684295755 -3,000000 0,200000 40,800000 40,800000 2040,272000
37 1684295754 -3,000000 0,200000 41,400000 41,400000 2040,272000
37 1684295753 1,000000 0,200000 42,000000 42,000000 2040,208000
37 1684295752 1,000000 0,200000 41,800000 41,800000 2040,208000
37 1684295751 1,000000 0,200000 41,600000 41,600000 2040,208000
37 1684295750 1,000000 0,200000 41,400000 41,400000 2040,208000
37 1684295749 1,000000 0,200000 41,200000 41,200000 2040,208000
37 1684295748 1,000000 0,200000 41,000000 41,000000 2040,208000
37 1684295747 1,000000 0,200000 40,800000 40,800000 2040,208000
37 1684295746 1,000000 0,200000 40,600000 40,600000 2040,208000
37 1684295745 1,000000 0,200000 40,400000 40,400000 2040,208000
37 1684295744 1,000000 0,200000 40,200000 40,200000 2040,208000
37 1684295743 1,000000 0,200000 40,000000 40,000000 2040,208000
37 1684295742 1,000000 0,200000 39,800000 39,800000 2040,208000
37 1684295741 1,000000 0,200000 39,600000 39,600000 2040,208000
37 1684295740 1,000000 0,200000 39,400000 39,400000 2040,208000
37 1684295739 1,000000 0,200000 39,200000 39,200000 2040,208000
37 1684295738 0,000000 0,200000 39,000000 39,000000 2040,200000
37 1684295737 0,000000 0,200000 39,000000 39,000000 2040,200000
37 1684295736 0,000000 0,200000 39,000000 39,000000 2040,200000
37 1684295735 0,000000 0,200000 39,000000 39,000000 2040,200000
37 1684295734 0,000000 0,200000 39,000000 39,000000 2040,200000
37 1684295733 0,000000 0,200000 39,000000 39,000000 2040,200000
37 1684295732 0,000000 0,200000 39,000000 39,000000 2040,200000
37 1684295731 0,000000 0,200000 39,000000 39,000000 2040,200000
37 1684295730 0,000000 0,200000 39,000000 39,000000 2040,200000
37 1684295729 0,000000 0,200000 39,000000 39,000000 2040,200000
37 1684295728 0,000000 0,200000 39,000000 39,000000 2040,200000
37 1684295727 0,000000 0,200000 39,000000 39,000000 2040,200000
37 1684295726 0,000000 0,200000 39,000000 39,000000 2040,200000
37 1684295725 0,000000 0,200000 39,000000 39,000000 2040,200000
37 1684295724 0,000000 0,200000 39,000000 39,000000 2040,200000
37 1684295723 0,000000 0,200000 39,000000 39,000000 2040,200000
37 1684295722 0,000000 0,200000 39,000000 39,000000 2040,200000
37 1684295721 0,000000 0,200000 39,000000 39,000000 2040,200000
37 1684295720 0,000000 0,200000 39,000000 39,000000 2040,200000
37 1684295719 0,000000 0,200000 39,000000 39,000000 2040,200000
37 1684295719 0,000000 45,600000 39,000000 39,000000 -20,200000
37 1684295720 0,000000 45,600000 39,000000 39,000000 -20,200000
37 1684295721 0,000000 45,600000 39,000000 39,000000 -20,200000
37 1684295722 0,000000 45,600000 39,000000 39,000000 -20,200000
37 1684295723 0,000000 45,600000 39,000000 39,000000 -20,200000
37 1684295724 0,000000 45,600000 39,000000 39,000000 -20,200000
37 1684295725 0,000000 45,600000 39,000000 39,000000 -20,200000
37 1684295726 0,000000 45,600000 39,000000 39,000000 -20,200000
37 1684295727 0,000000 45,600000 39,000000 39,000000 -20,200000
37 1684295728 0,000000 45,600000 39,000000 39,000000 -20,200000
37 1684295729 0,000000 46,200000 39,000000 39,000000 -20,200000
37 1684295730 0,000000 46,200000 39,000000 39,000000 -20,200000
37 1684295731 0,000000 46,200000 39,000000 39,000000 -20,200000
37 1684295732 0,000000 46,200000 39,000000 39,000000 -20,200000
37 1684295733 0,000000 46,200000 39,000000 39,000000 -20,200000
37 1684295734 0,000000 47,400000 39,000000 39,000000 -20,200000
37 1684295735 0,000000 47,400000 39,000000 39,000000 -20,200000
37 1684295736 0,000000 47,400000 39,000000 39,000000 -20,200000
37 1684295737 0,000000 47,400000 39,000000 39,000000 -20,200000
37 1684295738 0,000000 47,400000 39,000000 39,000000 -20,200000
37 1684295739 0,004202 47,600000 39,200000 39,200000 -20,200000
37 1684295740 0,004202 47,600000 39,400000 39,400000 -20,200000
37 1684295741 0,004202 47,600000 39,600000 39,600000 -20,200000
37 1684295742 0,004202 47,600000 39,800000 39,800000 -20,200000
37 1684295743 0,004202 47,600000 40,000000 40,000000 -20,200000
37 1684295744 0,004115 48,600000 40,200000 40,200000 -20,200000
37 1684295745 0,004115 48,600000 40,400000 40,400000 -20,200000
37 1684295746 0,004115 48,600000 40,600000 40,600000 -20,200000
37 1684295747 0,004115 48,600000 40,800000 40,800000 -20,200000
37 1684295748 0,004115 48,600000 41,000000 41,000000 -20,200000
37 1684295749 0,004098 48,800000 41,200000 41,200000 -20,200000
37 1684295750 0,004098 48,800000 41,400000 41,400000 -20,200000
37 1684295751 0,004098 48,800000 41,600000 41,600000 -20,200000
37 1684295752 0,004098 48,800000 41,800000 41,800000 -20,200000
37 1684295753 0,004098 48,800000 42,000000 42,000000 -20,200000
37 1684295754 -0,012245 49,000000 41,400000 41,400000 -20,200000
37 1684295755 -0,012245 49,000000 40,800000 40,800000 -20,200000
37 1684295756 -0,012245 49,000000 40,200000 40,200000 -20,200000
37 1684295757 -0,012245 49,000000 39,600000 39,600000 -20,200000
37 1684295758 -0,012245 49,000000 39,000000 39,000000 -20,200000
37 1684295759 0,000000 49,000000 39,000000 39,000000 -20,200000
37 1684295760 0,000000 49,000000 39,000000 39,000000 -20,200000
37 1684295761 0,000000 49,000000 39,000000 39,000000 -20,200000
37 1684295762 0,000000 49,000000 39,000000 39,000000 -20,200000
37 1684295763 0,000000 49,000000 39,000000 39,000000 -20,200000
37 1684295764 0,008130 49,200000 39,400000 39,400000 -20,200000
37 1684295765 0,008130 49,200000 39,800000 39,800000 -20,200000
37 1684295766 0,008130 49,200000 40,200000 40,200000 -20,200000
37 1684295767 0,008130 49,200000 40,600000 40,600000 -20,200000
37 1684295768 0,008130 49,200000 41,000000 41,000000 -20,200000
37 1684295769 -0,016000 50,000000 40,200000 40,200000 -20,200000
37 1684295770 -0,016000 50,000000 39,400000 39,400000 -20,200000
37 1684295771 -0,016000 50,000000 38,600000 38,600000 -20,200000
37 1684295772 -0,016000 50,000000 37,800000 37,800000 -20,200000
37 1684295773 -0,016000 50,000000 37,000000 37,000000 -20,200000
37 1684295774 0,003937 50,800000 37,200000 37,200000 -20,200000
37 1684295775 0,003937 50,800000 37,400000 37,400000 -20,200000
37 1684295776 0,003937 50,800000 37,600000 37,600000 -20,200000
37 1684295777 0,003937 50,800000 37,800000 37,800000 -20,200000
37 1684295778 0,003937 50,800000 38,000000 38,000000 -20,200000
37 1684295779 0,007812 51,200000 38,400000 38,400000 -20,200000
37 1684295780 0,007812 51,200000 38,800000 38,800000 -20,200000
37 1684295781 0,007813 51,200000 39,200000 39,200000 -20,200000
37 1684295782 0,007812 51,200000 39,600000 39,600000 -20,200000
37 1684295783 0,007812 51,200000 40,000000 40,000000 -20,200000
37 1684295784 0,015504 51,600000 40,800000 40,800000 -20,200000
37 1684295785 0,015504 51,600000 41,600000 41,600000 -20,200000
37 1684295786 0,015504 51,600000 42,400000 42,400000 -20,200000
37 1684295787 0,015504 51,600000 43,200000 43,200000 -20,200000
37 1684295788 0,015504 51,600000 44,000000 44,000000 -20,200000
37 1684295789 -0,015267 52,400000 43,200000 43,200000 -20,200000
37 1684295790 -0,015267 52,400000 42,400000 42,400000 -20,200000
37 1684295791 -0,015267 52,400000 41,600000 41,600000 -20,200000
37 1684295792 -0,015267 52,400000 40,800000 40,800000 -20,200000
37 1684295793 -0,015267 52,400000 40,000000 40,000000 -20,200000
37 1684295794 -0,007576 52,800000 39,600000 39,600000 -20,200000
37 1684295795 -0,007576 52,800000 39,200000 39,200000 -20,200000
37 1684295796 -0,007576 52,800000 38,800000 38,800000 -20,200000
37 1684295797 -0,007576 52,800000 38,400000 38,400000 -20,200000
37 1684295798 -0,007576 52,800000 38,000000 38,000000 -20,200000
37 1684295799 0,000000 52,800000 38,000000 38,000000 -20,200000
37 1684295800 0,000000 52,800000 38,000000 38,000000 -20,200000
37 1684295801 0,000000 52,800000 38,000000 38,000000 -20,200000
37 1684295802 0,000000 52,800000 38,000000 38,000000 -20,200000
37 1684295803 0,000000 52,800000 38,000000 38,000000 -20,200000
37 1684295804 -0,003774 53,000000 37,800000 37,800000 -20,200000
37 1684295805 -0,003774 53,000000 37,600000 37,600000 -20,200000
37 1684295806 -0,003774 53,000000 37,400000 37,400000 -20,200000
37 1684295807 -0,003774 53,000000 37,200000 37,200000 -20,200000
37 1684295808 -0,003774 53,000000 37,000000 37,000000 -20,200000
37 1684295809 0,007463 53,600000 37,400000 37,400000 -20,200000
37 1684295810 0,007463 53,600000 37,800000 37,800000 -20,200000
37 1684295811 0,007463 53,600000 38,200000 38,200000 -20,200000
37 1684295812 0,007463 53,600000 38,600000 38,600000 -20,200000
37 1684295813 0,007463 53,600000 39,000000 39,000000 -20,200000
37 1684295814 0,003717 53,800000 39,200000 39,200000 -20,200000
37 1684295815 0,003717 53,800000 39,400000 39,400000 -20,200000
37 1684295816 0,003717 53,800000 39,600000 39,600000 -20,200000
37 1684295817 0,003717 53,800000 39,800000 39,800000 -20,200000
37 1684295818 0,003717 53,800000 40,000000 40,000000 -20,200000
37 1684295819 -0,003704 54,000000 39,800000 39,800000 -20,200000
37 1684295820 -0,003704 54,000000 39,600000 39,600000 -20,200000
37 1684295821 -0,003704 54,000000 39,400000 39,400000 -20,200000
37 1684295822 -0,003704 54,000000 39,200000 39,200000 -20,200000
37 1684295823 -0,003704 54,000000 39,000000 39,000000 -20,200000
37 1684295824 0,000000 54,200000 39,000000 39,000000 -20,200000
37 1684295825 0,000000 54,200000 39,000000 39,000000 -20,200000
37 1684295826 0,000000 54,200000 39,000000 39,000000 -20,200000
37 1684295827 0,000000 54,200000 39,000000 39,000000 -20,200000
37 1684295828 0,000000 54,200000 39,000000 39,000000 -20,200000
37 1684295829 0,007299 54,800000 39,400000 39,400000 -20,200000
37 1684295830 0,007299 54,800000 39,800000 39,800000 -20,200000
37 1684295831 0,007299 54,800000 40,200000 40,200000 -20,200000
37 1684295832 0,007299 54,800000 40,600000 40,600000 -20,200000
37 1684295833 0,007299 54,800000 41,000000 41,000000 -20,200000
37 1684295834 0,007273 55,000000 41,400000 41,400000 -20,200000
37 1684295835 0,007273 55,000000 41,800000 41,800000 -20,200000
37 1684295836 0,007273 55,000000 42,200000 42,200000 -20,200000
37 1684295837 0,007273 55,000000 42,600000 42,600000 -20,200000
37 1684295838 0,007273 55,000000 43,000000 43,000000 -20,200000
37 1684295839 -0,007194 55,600000 42,600000 42,600000 -20,200000
37 1684295840 -0,007194 55,600000 42,200000 42,200000 -20,200000
37 1684295841 -0,007194 55,600000 41,800000 41,800000 -20,200000
37 1684295842 -0,007194 55,600000 41,400000 41,400000 -20,200000
37 1684295843 -0,007194 55,600000 41,000000 41,000000 -20,200000
37 1684295844 -0,014235 56,200000 40,200000 40,200000 -20,200000
37 1684295845 -0,014235 56,200000 39,400000 39,400000 -20,200000
37 1684295846 -0,014235 56,200000 38,600000 38,600000 -20,200000
37 1684295847 -0,014235 56,200000 37,800000 37,800000 -20,200000
37 1684295848 -0,014235 56,200000 37,000000 37,000000 -20,200000
37 1684295849 0,007067 56,600000 37,400000 37,400000 -20,200000
37 1684295850 0,007067 56,600000 37,800000 37,800000 -20,200000
37 1684295851 0,007067 56,600000 38,200000 38,200000 -20,200000
37 1684295852 0,007067 56,600000 38,600000 38,600000 -20,200000
37 1684295853 0,007067 56,600000 39,000000 39,000000 -20,200000
37 1684295854 0,000000 56,800000 39,000000 39,000000 -20,200000
37 1684295855 0,000000 56,800000 39,000000 39,000000 -20,200000
37 1684295856 0,000000 56,800000 39,000000 39,000000 -20,200000
37 1684295857 0,000000 56,800000 39,000000 39,000000 -20,200000
37 1684295858 0,000000 56,800000 39,000000 39,000000 -20,200000
37 1684295859 0,006969 57,400000 39,400000 39,400000 -20,200000
37 1684295860 0,006969 57,400000 39,800000 39,800000 -20,200000
37 1684295861 0,006969 57,400000 40,200000 40,200000 -20,200000
37 1684295862 0,006969 57,400000 40,600000 40,600000 -20,200000
37 1684295863 0,006969 57,400000 41,000000 41,000000 -20,200000
37 1684295864 -0,006897 58,000000 40,600000 40,600000 -20,200000
37 1684295865 -0,006897 58,000000 40,200000 40,200000 -20,200000
37 1684295866 -0,006897 58,000000 39,800000 39,800000 -20,200000
37 1684295867 -0,006897 58,000000 39,400000 39,400000 -20,200000
37 1684295868 -0,006897 58,000000 39,000000 39,000000 -20,200000
37 1684295869 0,000000 58,400000 39,000000 39,000000 -20,200000
37 1684295870 0,000000 58,400000 39,000000 39,000000 -20,200000
37 1684295871 0,000000 58,400000 39,000000 39,000000 -20,200000
37 1684295872 0,000000 58,400000 39,000000 39,000000 -20,200000
37 1684295873 0,000000 58,400000 39,000000 39,000000 -20,200000
37 1684295874 0,000000 58,400000 39,000000 39,000000 -20,200000
37 1684295875 0,000000 58,400000 39,000000 39,000000 -20,200000
37 1684295876 0,000000 58,400000 39,000000 39,000000 -20,200000
37 1684295877 0,000000 58,400000 39,000000 39,000000 -20,200000
37 1684295878 0,000000 58,400000 39,000000 39,000000 -20,200000
37 1684295879 0,003378 59,200000 39,200000 39,200000 -20,200000
37 1684295880 0,003378 59,200000 39,400000 39,400000 -20,200000
37 1684295881 0,003378 59,200000 39,600000 39,600000 -20,200000
37 1684295882 0,003378 59,200000 39,800000 39,800000 -20,200000
37 1684295883 0,003378 59,200000 40,000000 40,000000 -20,200000
37 1684295884 0,006645 60,200000 40,400000 40,400000 -20,200000
37 1684295885 0,006645 60,200000 40,800000 40,800000 -20,200000
37 1684295886 0,006645 60,200000 41,200000 41,200000 -20,200000
37 1684295887 0,006645 60,200000 41,600000 41,600000 -20,200000
37 1684295888 0,006645 60,200000 42,000000 42,000000 -20,200000
37 1684295889 -0,006601 60,600000 41,600000 41,600000 -20,200000
37 1684295890 -0,006601 60,600000 41,200000 41,200000 -20,200000
37 1684295891 -0,006601 60,600000 40,800000 40,800000 -20,200000
37 1684295892 -0,006601 60,600000 40,400000 40,400000 -20,200000
37 1684295893 -0,006601 60,600000 40,000000 40,000000 -20,200000
37 1684295894 0,000000 60,800000 40,000000 40,000000 -20,200000
37 1684295895 0,000000 60,800000 40,000000 40,000000 -20,200000
37 1684295896 0,000000 60,800000 40,000000 40,000000 -20,200000
37 1684295897 0,000000 60,800000 40,000000 40,000000 -20,200000
37 1684295898 0,000000 60,800000 40,000000 40,000000 -20,200000
37 1684295899 0,000000 61,200000 40,000000 40,000000 -20,200000
37 1684295900 0,000000 61,200000 40,000000 40,000000 -20,200000
37 1684295901 0,000000 61,200000 40,000000 40,000000 -20,200000
37 1684295902 0,000000 61,200000 40,000000 40,000000 -20,200000
37 1684295903 0,000000 61,200000 40,000000 40,000000 -20,200000
37 1684295904 0,000000 61,200000 40,000000 40,000000 -20,200000
37 1684295905 0,000000 61,200000 40,000000 40,000000 -20,200000
37 1684295906 0,000000 61,200000 40,000000 40,000000 -20,200000
37 1684295907 0,000000 61,200000 40,000000 40,000000 -20,200000
37 1684295908 0,000000 61,200000 40,000000 40,000000 -20,200000
37 1684295909 0,000000 61,400000 40,000000 40,000000 -20,200000
37 1684295910 0,000000 61,400000 40,000000 40,000000 -20,200000
37 1684295911 0,000000 61,400000 40,000000 40,000000 -20,200000
37 1684295912 0,000000 61,400000 40,000000 40,000000 -20,200000
37 1684295913 0,000000 61,400000 40,000000 40,000000 -20,200000
37 1684295914 -0,006452 62,000000 39,600000 39,600000 -20,200000
37 1684295915 -0,006452 62,000000 39,200000 39,200000 -20,200000
37 1684295916 -0,006452 62,000000 38,800000 38,800000 -20,200000
37 1684295917 -0,006452 62,000000 38,400000 38,400000 -20,200000
37 1684295918 -0,006452 62,000000 38,000000 38,000000 -20,200000
37 1684295919 0,000000 62,800000 38,000000 38,000000 -20,200000
37 1684295920 0,000000 62,800000 38,000000 38,000000 -20,200000
37 1684295921 0,000000 62,800000 38,000000 38,000000 -20,200000
37 1684295922 0,000000 62,800000 38,000000 38,000000 -20,200000
37 1684295923 0,000000 62,800000 38,000000 38,000000 -20,200000
37 1684295924 0,000000 62,800000 38,000000 38,000000 -20,200000
37 1684295925 0,000000 62,800000 38,000000 38,000000 -20,200000
37 1684295926 0,000000 62,800000 38,000000 38,000000 -20,200000
37 1684295927 0,000000 62,800000 38,000000 38,000000 -20,200000
37 1684295928 0,000000 62,800000 38,000000 38,000000 -20,200000
37 1684295929 0,000000 62,800000 38,000000 38,000000 -20,200000
37 1684295930 0,000000 62,800000 38,000000 38,000000 -20,200000
37 1684295931 0,000000 62,800000 38,000000 38,000000 -20,200000
37 1684295932 0,000000 62,800000 38,000000 38,000000 -20,200000
37 1684295933 0,000000 62,800000 38,000000 38,000000 -20,200000
37 1684295934 0,012658 63,200000 38,800000 38,800000 -20,200000
37 1684295935 0,012658 63,200000 39,600000 39,600000 -20,200000
37 1684295936 0,012658 63,200000 40,400000 40,400000 -20,200000
37 1684295937 0,012658 63,200000 41,200000 41,200000 -20,200000
37 1684295938 0,012658 63,200000 42,000000 42,000000 -20,200000
37 1684295939 -0,003125 64,000000 41,800000 41,800000 -20,200000
37 1684295940 -0,003125 64,000000 41,600000 41,600000 -20,200000
37 1684295941 -0,003125 64,000000 41,400000 41,400000 -20,200000
37 1684295942 -0,003125 64,000000 41,200000 41,200000 -20,200000
37 1684295943 -0,003125 64,000000 41,000000 41,000000 -20,200000
37 1684295944 -0,012346 64,800000 40,200000 40,200000 -20,200000
37 1684295945 -0,012346 64,800000 39,400000 39,400000 -20,200000
37 1684295946 -0,012346 64,800000 38,600000 38,600000 -20,200000
37 1684295947 -0,012346 64,800000 37,800000 37,800000 -20,200000
37 1684295948 -0,012346 64,800000 37,000000 37,000000 -20,200000
37 1684295949 -0,003058 65,400000 36,800000 36,800000 -20,200000
37 1684295950 -0,003058 65,400000 36,600000 36,600000 -20,200000
37 1684295951 -0,003058 65,400000 36,400000 36,400000 -20,200000
37 1684295952 -0,003058 65,400000 36,200000 36,200000 -20,200000
37 1684295953 -0,003058 65,400000 36,000000 36,000000 -20,200000
37 1684295954 0,003021 66,200000 36,200000 36,200000 -20,200000
37 1684295955 0,003021 66,200000 36,400000 36,400000 -20,200000
37 1684295956 0,003021 66,200000 36,600000 36,600000 -20,200000
37 1684295957 0,003021 66,200000 36,800000 36,800000 -20,200000
37 1684295958 0,003021 66,200000 37,000000 37,000000 -20,200000
37 1684295959 0,000000 67,000000 37,000000 37,000000 -20,200000
37 1684295960 0,000000 67,000000 37,000000 37,000000 -20,200000
37 1684295961 0,000000 67,000000 37,000000 37,000000 -20,200000
37 1684295962 0,000000 67,000000 37,000000 37,000000 -20,200000
37 1684295963 0,000000 67,000000 37,000000 37,000000 -20,200000
37 1684295964 0,000000 67,000000 37,000000 37,000000 -20,200000
37 1684295965 0,000000 67,000000 37,000000 37,000000 -20,200000
37 1684295966 0,000000 67,000000 37,000000 37,000000 -20,200000
37 1684295967 0,000000 67,000000 37,000000 37,000000 -20,200000
37 1684295968 0,000000 67,000000 37,000000 37,000000 -20,200000
37 1684295969 0,000000 67,000000 37,000000 37,000000 -20,200000
37 1684295970 0,000000 67,000000 37,000000 37,000000 -20,200000
37 1684295971 0,000000 67,000000 37,000000 37,000000 -20,200000
37 1684295972 0,000000 67,000000 37,000000 37,000000 -20,200000
37 1684295973 0,000000 67,000000 37,000000 37,000000 -20,200000
37 1684295974 0,000000 67,000000 37,000000 37,000000 -20,200000
37 1684295975 0,000000 67,000000 37,000000 37,000000 -20,200000
37 1684295976 0,000000 67,000000 37,000000 37,000000 -20,200000
37 1684295977 0,000000 67,000000 37,000000 37,000000 -20,200000
37 1684295978 0,000000 67,000000 37,000000 37,000000 -20,200000
37 1684295979 0,008902 67,400000 37,600000 37,600000 -20,200000
37 1684295980 0,008902 67,400000 38,200000 38,200000 -20,200000
37 1684295981 0,008902 67,400000 38,800000 38,800000 -20,200000
37 1684295982 0,008902 67,400000 39,400000 39,400000 -20,200000
37 1684295983 0,008902 67,400000 40,000000 40,000000 -20,200000
37 1684295984 -0,002924 68,400000 39,800000 39,800000 -20,200000
37 1684295985 -0,002924 68,400000 39,600000 39,600000 -20,200000
37 1684295986 -0,002924 68,400000 39,400000 39,400000 -20,200000
37 1684295987 -0,002924 68,400000 39,200000 39,200000 -20,200000
37 1684295988 -0,002924 68,400000 39,000000 39,000000 -20,200000
37 1684295989 0,000000 69,000000 39,000000 39,000000 -20,200000
37 1684295990 0,000000 69,000000 39,000000 39,000000 -20,200000
37 1684295991 0,000000 69,000000 39,000000 39,000000 -20,200000
37 1684295992 0,000000 69,000000 39,000000 39,000000 -20,200000
37 1684295993 0,000000 69,000000 39,000000 39,000000 -20,200000
37 1684295994 0,000000 70,000000 39,000000 39,000000 -20,200000
37 1684295995 0,000000 70,000000 39,000000 39,000000 -20,200000
37 1684295996 0,000000 70,000000 39,000000 39,000000 -20,200000
37 1684295997 0,000000 70,000000 39,000000 39,000000 -20,200000
37 1684295998 0,000000 70,000000 39,000000 39,000000 -20,200000
37 1684295999 -0,005698 70,200000 38,600000 38,600000 -20,200000
37 1684296000 -0,005698 70,200000 38,200000 38,200000 -20,200000
37 1684296001 -0,005698 70,200000 37,800000 37,800000 -20,200000
37 1684296002 -0,005698 70,200000 37,400000 37,400000 -20,200000
37 1684296003 -0,005698 70,200000 37,000000 37,000000 -20,200000
37 1684296004 0,000000 70,200000 37,000000 37,000000 -20,200000
37 1684296005 0,000000 70,200000 37,000000 37,000000 -20,200000
37 1684296006 0,000000 70,200000 37,000000 37,000000 -20,200000
37 1684296007 0,000000 70,200000 37,000000 37,000000 -20,200000
37 1684296008 0,000000 70,200000 37,000000 37,000000 -20,200000
37 1684296009 0,000000 70,200000 37,000000 37,000000 -20,200000
37 1684296010 0,000000 70,200000 37,000000 37,000000 -20,200000
37 1684296011 0,000000 70,200000 37,000000 37,000000 -20,200000
37 1684296012 0,000000 70,200000 37,000000 37,000000 -20,200000
37 1684296013 0,000000 70,200000 37,000000 37,000000 -20,200000
37 1684296014 0,000000 70,600000 37,000000 37,000000 -20,200000
37 1684296015 0,000000 70,600000 37,000000 37,000000 -20,200000
37 1684296016 0,000000 70,600000 37,000000 37,000000 -20,200000
37 1684296017 0,000000 70,600000 37,000000 37,000000 -20,200000
37 1684296018 0,000000 70,600000 37,000000 37,000000 -20,200000
37 1684296019 0,002825 70,800000 37,200000 37,200000 -20,200000
37 1684296020 0,002825 70,800000 37,400000 37,400000 -20,200000
37 1684296021 0,002825 70,800000 37,600000 37,600000 -20,200000
37 1684296022 0,002825 70,800000 37,800000 37,800000 -20,200000
37 1684296023 0,002825 70,800000 38,000000 38,000000 -20,200000
37 1684296024 0,011236 71,200000 38,800000 38,800000 -20,200000
37 1684296025 0,011236 71,200000 39,600000 39,600000 -20,200000
37 1684296026 0,011236 71,200000 40,400000 40,400000 -20,200000
37 1684296027 0,011236 71,200000 41,200000 41,200000 -20,200000
37 1684296028 0,011236 71,200000 42,000000 42,000000 -20,200000
37 1684296029 -0,016667 72,000000 40,800000 40,800000 -20,200000
37 1684296030 -0,016667 72,000000 39,600000 39,600000 -20,200000
37 1684296031 -0,016667 72,000000 38,400000 38,400000 -20,200000
37 1684296032 -0,016667 72,000000 37,200000 37,200000 -20,200000
37 1684296033 -0,016667 72,000000 36,000000 36,000000 -20,200000
37 1684296034 0,010989 72,800000 36,800000 36,800000 -20,200000
37 1684296035 0,010989 72,800000 37,600000 37,600000 -20,200000
37 1684296036 0,010989 72,800000 38,400000 38,400000 -20,200000
37 1684296037 0,010989 72,800000 39,200000 39,200000 -20,200000
37 1684296038 0,010989 72,800000 40,000000 40,000000 -20,200000
37 1684296039 0,002725 73,400000 40,200000 40,200000 -20,200000
37 1684296040 0,002725 73,400000 40,400000 40,400000 -20,200000
37 1684296041 0,002725 73,400000 40,600000 40,600000 -20,200000
37 1684296042 0,002725 73,400000 40,800000 40,800000 -20,200000
37 1684296043 0,002725 73,400000 41,000000 41,000000 -20,200000
37 1684296044 -0,002703 74,000000 40,800000 40,800000 -20,200000
37 1684296045 -0,002703 74,000000 40,600000 40,600000 -20,200000
37 1684296046 -0,002703 74,000000 40,400000 40,400000 -20,200000
37 1684296047 -0,002703 74,000000 40,200000 40,200000 -20,200000
37 1684296048 -0,002703 74,000000 40,000000 40,000000 -20,200000
37 1684296049 -0,005376 74,400000 39,600000 39,600000 -20,200000
37 1684296050 -0,005376 74,400000 39,200000 39,200000 -20,200000
37 1684296051 -0,005376 74,400000 38,800000 38,800000 -20,200000
37 1684296052 -0,005376 74,400000 38,400000 38,400000 -20,200000
37 1684296053 -0,005376 74,400000 38,000000 38,000000 -20,200000
37 1684296054 0,000000 74,400000 38,000000 38,000000 -20,200000
37 1684296055 0,000000 74,400000 38,000000 38,000000 -20,200000
37 1684296056 0,000000 74,400000 38,000000 38,000000 -20,200000
37 1684296057 0,000000 74,400000 38,000000 38,000000 -20,200000
37 1684296058 0,000000 74,400000 38,000000 38,000000 -20,200000
37 1684296059 0,000000 74,400000 38,000000 38,000000 -20,200000
37 1684296060 0,000000 74,400000 38,000000 38,000000 -20,200000
37 1684296061 0,000000 74,400000 38,000000 38,000000 -20,200000
37 1684296062 0,000000 74,400000 38,000000 38,000000 -20,200000
37 1684296063 0,000000 74,400000 38,000000 38,000000 -20,200000
37 1684296064 -0,005348 74,800000 37,600000 37,600000 -20,200000
37 1684296065 -0,005348 74,800000 37,200000 37,200000 -20,200000
37 1684296066 -0,005348 74,800000 36,800000 36,800000 -20,200000
37 1684296067 -0,005348 74,800000 36,400000 36,400000 -20,200000
37 1684296068 -0,005348 74,800000 36,000000 36,000000 -20,200000
37 1684296069 0,007916 75,800000 36,600000 36,600000 -20,200000
37 1684296070 0,007916 75,800000 37,200000 37,200000 -20,200000
37 1684296071 0,007916 75,800000 37,800000 37,800000 -20,200000
37 1684296072 0,007916 75,800000 38,400000 38,400000 -20,200000
37 1684296073 0,007916 75,800000 39,000000 39,000000 -20,200000
37 1684296074 -0,005236 76,400000 38,600000 38,600000 -20,200000
37 1684296075 -0,005236 76,400000 38,200000 38,200000 -20,200000
37 1684296076 -0,005236 76,400000 37,800000 37,800000 -20,200000
37 1684296077 -0,005236 76,400000 37,400000 37,400000 -20,200000
37 1684296078 -0,005236 76,400000 37,000000 37,000000 -20,200000
37 1684296079 0,000000 76,800000 37,000000 37,000000 -20,200000
37 1684296080 0,000000 76,800000 37,000000 37,000000 -20,200000
37 1684296081 0,000000 76,800000 37,000000 37,000000 -20,200000
37 1684296082 0,000000 76,800000 37,000000 37,000000 -20,200000
37 1684296083 0,000000 76,800000 37,000000 37,000000 -20,200000
37 1684296084 0,005195 77,000000 37,400000 37,400000 -20,200000
37 1684296085 0,005195 77,000000 37,800000 37,800000 -20,200000
37 1684296086 0,005195 77,000000 38,200000 38,200000 -20,200000
37 1684296087 0,005195 77,000000 38,600000 38,600000 -20,200000
37 1684296088 0,005195 77,000000 39,000000 39,000000 -20,200000
37 1684296089 0,002591 77,200000 39,200000 39,200000 -20,200000
37 1684296090 0,002591 77,200000 39,400000 39,400000 -20,200000
37 1684296091 0,002591 77,200000 39,600000 39,600000 -20,200000
37 1684296092 0,002591 77,200000 39,800000 39,800000 -20,200000
37 1684296093 0,002591 77,200000 40,000000 40,000000 -20,200000
37 1684296094 -0,007732 77,600000 39,400000 39,400000 -20,200000
37 1684296095 -0,007732 77,600000 38,800000 38,800000 -20,200000
37 1684296096 -0,007732 77,600000 38,200000 38,200000 -20,200000
37 1684296097 -0,007732 77,600000 37,600000 37,600000 -20,200000
37 1684296098 -0,007732 77,600000 37,000000 37,000000 -20,200000
37 1684296099 -0,002571 77,800000 36,800000 36,800000 -20,200000
37 1684296100 -0,002571 77,800000 36,600000 36,600000 -20,200000
37 1684296101 -0,002571 77,800000 36,400000 36,400000 -20,200000
37 1684296102 -0,002571 77,800000 36,200000 36,200000 -20,200000
37 1684296103 -0,002571 77,800000 36,000000 36,000000 -20,200000
37 1684296104 -0,002558 78,200000 35,800000 35,800000 -20,200000
37 1684296105 -0,002558 78,200000 35,600000 35,600000 -20,200000
37 1684296106 -0,002558 78,200000 35,400000 35,400000 -20,200000
37 1684296107 -0,002558 78,200000 35,200000 35,200000 -20,200000
37 1684296108 -0,002558 78,200000 35,000000 35,000000 -20,200000
37 1684296109 0,005076 78,800000 35,400000 35,400000 -20,200000
37 1684296110 0,005076 78,800000 35,800000 35,800000 -20,200000
37 1684296111 0,005076 78,800000 36,200000 36,200000 -20,200000
37 1684296112 0,005076 78,800000 36,600000 36,600000 -20,200000
37 1684296113 0,005076 78,800000 37,000000 37,000000 -20,200000
37 1684296114 0,000000 78,800000 37,000000 37,000000 -20,200000
37 1684296115 0,000000 78,800000 37,000000 37,000000 -20,200000
37 1684296116 0,000000 78,800000 37,000000 37,000000 -20,200000
37 1684296117 0,000000 78,800000 37,000000 37,000000 -20,200000
37 1684296118 0,000000 78,800000 37,000000 37,000000 -20,200000
37 1684296119 0,005051 79,200000 37,400000 37,400000 -20,200000
37 1684296120 0,005051 79,200000 37,800000 37,800000 -20,200000
37 1684296121 0,005051 79,200000 38,200000 38,200000 -20,200000
37 1684296122 0,005051 79,200000 38,600000 38,600000 -20,200000
37 1684296123 0,005051 79,200000 39,000000 39,000000 -20,200000
37 1684296124 -0,005000 80,000000 38,600000 38,600000 -20,200000
37 1684296125 -0,005000 80,000000 38,200000 38,200000 -20,200000
37 1684296126 -0,005000 80,000000 37,800000 37,800000 -20,200000
37 1684296127 -0,005000 80,000000 37,400000 37,400000 -20,200000
37 1684296128 -0,005000 80,000000 37,000000 37,000000 -20,200000
37 1684296129 0,000000 80,000000 37,000000 37,000000 -20,200000
37 1684296130 0,000000 80,000000 37,000000 37,000000 -20,200000
37 1684296131 0,000000 80,000000 37,000000 37,000000 -20,200000
37 1684296132 0,000000 80,000000 37,000000 37,000000 -20,200000
37 1684296133 0,000000 80,000000 37,000000 37,000000 -20,200000
37 1684296134 0,004988 80,200000 37,400000 37,400000 -20,200000
37 1684296135 0,004988 80,200000 37,800000 37,800000 -20,200000
37 1684296136 0,004988 80,200000 38,200000 38,200000 -20,200000
37 1684296137 0,004988 80,200000 38,600000 38,600000 -20,200000
37 1684296138 0,004988 80,200000 39,000000 39,000000 -20,200000
37 1684296139 0,007426 80,800000 39,600000 39,600000 -20,200000
37 1684296140 0,007426 80,800000 40,200000 40,200000 -20,200000
37 1684296141 0,007426 80,800000 40,800000 40,800000 -20,200000
37 1684296142 0,007426 80,800000 41,400000 41,400000 -20,200000
37 1684296143 0,007426 80,800000 42,000000 42,000000 -20,200000
37 1684296144 -0,012225 81,800000 41,000000 41,000000 -20,200000
37 1684296145 -0,012225 81,800000 40,000000 40,000000 -20,200000
37 1684296146 -0,012225 81,800000 39,000000 39,000000 -20,200000
37 1684296147 -0,012225 81,800000 38,000000 38,000000 -20,200000
37 1684296148 -0,012225 81,800000 37,000000 37,000000 -20,200000
37 1684296149 0,002421 82,600000 37,200000 37,200000 -20,200000
37 1684296150 0,002421 82,600000 37,400000 37,400000 -20,200000
37 1684296151 0,002421 82,600000 37,600000 37,600000 -20,200000
37 1684296152 0,002421 82,600000 37,800000 37,800000 -20,200000
37 1684296153 0,002421 82,600000 38,000000 38,000000 -20,200000
37 1684296154 0,000000 83,000000 38,000000 38,000000 -20,200000
37 1684296155 0,000000 83,000000 38,000000 38,000000 -20,200000
37 1684296156 0,000000 83,000000 38,000000 38,000000 -20,200000
37 1684296157 0,000000 83,000000 38,000000 38,000000 -20,200000
37 1684296158 0,000000 83,000000 38,000000 38,000000 -20,200000
37 1684296159 0,002392 83,600000 38,200000 38,200000 -20,200000
37 1684296160 0,002392 83,600000 38,400000 38,400000 -20,200000
37 1684296161 0,002392 83,600000 38,600000 38,600000 -20,200000
37 1684296162 0,002392 83,600000 38,800000 38,800000 -20,200000
37 1684296163 0,002392 83,600000 39,000000 39,000000 -20,200000
37 1684296164 0,004751 84,200000 39,400000 39,400000 -20,200000
37 1684296165 0,004751 84,200000 39,800000 39,800000 -20,200000
37 1684296166 0,004751 84,200000 40,200000 40,200000 -20,200000
37 1684296167 0,004751 84,200000 40,600000 40,600000 -20,200000
37 1684296168 0,004751 84,200000 41,000000 41,000000 -20,200000
37 1684296169 -0,004728 84,600000 40,600000 40,600000 -20,200000
37 1684296170 -0,004728 84,600000 40,200000 40,200000 -20,200000
37 1684296171 -0,004728 84,600000 39,800000 39,800000 -20,200000
37 1684296172 -0,004728 84,600000 39,400000 39,400000 -20,200000
37 1684296173 -0,004728 84,600000 39,000000 39,000000 -20,200000
37 1684296174 -0,004717 84,800000 38,600000 38,600000 -20,200000
37 1684296175 -0,004717 84,800000 38,200000 38,200000 -20,200000
37 1684296176 -0,004717 84,800000 37,800000 37,800000 -20,200000
37 1684296177 -0,004717 84,800000 37,400000 37,400000 -20,200000
37 1684296178 -0,004717 84,800000 37,000000 37,000000 -20,200000
37 1684296179 0,004695 85,200000 37,400000 37,400000 -20,200000
37 1684296180 0,004695 85,200000 37,800000 37,800000 -20,200000
37 1684296181 0,004695 85,200000 38,200000 38,200000 -20,200000
37 1684296182 0,004695 85,200000 38,600000 38,600000 -20,200000
37 1684296183 0,004695 85,200000 39,000000 39,000000 -20,200000
37 1684296184 0,000000 85,200000 39,000000 39,000000 -20,200000
37 1684296185 0,000000 85,200000 39,000000 39,000000 -20,200000
37 1684296186 0,000000 85,200000 39,000000 39,000000 -20,200000
37 1684296187 0,000000 85,200000 39,000000 39,000000 -20,200000
37 1684296188 0,000000 85,200000 39,000000 39,000000 -20,200000
37 1684296189 0,006977 86,000000 39,600000 39,600000 -20,200000
37 1684296190 0,006977 86,000000 40,200000 40,200000 -20,200000
37 1684296191 0,006977 86,000000 40,800000 40,800000 -20,200000
37 1684296192 0,006977 86,000000 41,400000 41,400000 -20,200000
37 1684296193 0,006977 86,000000 42,000000 42,000000 -20,200000
37 1684296194 0,004619 86,600000 42,400000 42,400000 -20,200000
37 1684296195 0,004619 86,600000 42,800000 42,800000 -20,200000
37 1684296196 0,004619 86,600000 43,200000 43,200000 -20,200000
37 1684296197 0,004619 86,600000 43,600000 43,600000 -20,200000
37 1684296198 0,004619 86,600000 44,000000 44,000000 -20,200000
37 1684296199 -0,009174 87,200000 43,200000 43,200000 -20,200000
37 1684296200 -0,009174 87,200000 42,400000 42,400000 -20,200000
37 1684296201 -0,009174 87,200000 41,600000 41,600000 -20,200000
37 1684296202 -0,009174 87,200000 40,800000 40,800000 -20,200000
37 1684296203 -0,009174 87,200000 40,000000 40,000000 -20,200000
37 1684296204 0,004577 87,400000 40,400000 40,400000 -20,200000
37 1684296205 0,004577 87,400000 40,800000 40,800000 -20,200000
37 1684296206 0,004577 87,400000 41,200000 41,200000 -20,200000
37 1684296207 0,004577 87,400000 41,600000 41,600000 -20,200000
37 1684296208 0,004577 87,400000 42,000000 42,000000 -20,200000
37 1684296209 -0,002278 87,800000 41,800000 41,800000 -20,200000
37 1684296210 -0,002278 87,800000 41,600000 41,600000 -20,200000
37 1684296211 -0,002278 87,800000 41,400000 41,400000 -20,200000
37 1684296212 -0,002278 87,800000 41,200000 41,200000 -20,200000
37 1684296213 -0,002278 87,800000 41,000000 41,000000 -20,200000
37 1684296214 0,000000 88,200000 41,000000 41,000000 -20,200000
37 1684296215 0,000000 88,200000 41,000000 41,000000 -20,200000
37 1684296216 0,000000 88,200000 41,000000 41,000000 -20,200000
37 1684296217 0,000000 88,200000 41,000000 41,000000 -20,200000
37 1684296218 0,000000 88,200000 41,000000 41,000000 -20,200000
37 1684296219 -0,006757 88,800000 40,400000 40,400000 -20,200000
37 1684296220 -0,006757 88,800000 39,800000 39,800000 -20,200000
37 1684296221 -0,006757 88,800000 39,200000 39,200000 -20,200000
37 1684296222 -0,006757 88,800000 38,600000 38,600000 -20,200000
37 1684296223 -0,006757 88,800000 38,000000 38,000000 -20,200000
37 1684296224 0,000000 88,800000 38,000000 38,000000 -20,200000
37 1684296225 0,000000 88,800000 38,000000 38,000000 -20,200000
37 1684296226 0,000000 88,800000 38,000000 38,000000 -20,200000
37 1684296227 0,000000 88,800000 38,000000 38,000000 -20,200000
37 1684296228 0,000000 88,800000 38,000000 38,000000 -20,200000
37 1684296229 0,004484 89,200000 38,400000 38,400000 -20,200000
37 1684296230 0,004484 89,200000 38,800000 38,800000 -20,200000
37 1684296231 0,004484 89,200000 39,200000 39,200000 -20,200000
37 1684296232 0,004484 89,200000 39,600000 39,600000 -20,200000
37 1684296233 0,004484 89,200000 40,000000 40,000000 -20,200000
37 1684296234 -0,002227 89,800000 39,800000 39,800000 -20,200000
37 1684296235 -0,002227 89,800000 39,600000 39,600000 -20,200000
37 1684296236 -0,002227 89,800000 39,400000 39,400000 -20,200000
37 1684296237 -0,002227 89,800000 39,200000 39,200000 -20,200000
37 1684296238 -0,002227 89,800000 39,000000 39,000000 -20,200000
37 1684296239 0,002217 90,200000 39,200000 39,200000 -20,200000
37 1684296240 0,002217 90,200000 39,400000 39,400000 -20,200000
37 1684296241 0,002217 90,200000 39,600000 39,600000 -20,200000
37 1684296242 0,002217 90,200000 39,800000 39,800000 -20,200000
37 1684296243 0,002217 90,200000 40,000000 40,000000 -20,200000
37 1684296244 -0,002203 90,800000 39,800000 39,800000 -20,200000
37 1684296245 -0,002203 90,800000 39,600000 39,600000 -20,200000
37 1684296246 -0,002203 90,800000 39,400000 39,400000 -20,200000
37 1684296247 -0,002203 90,800000 39,200000 39,200000 -20,200000
37 1684296248 -0,002203 90,800000 39,000000 39,000000 -20,200000
37 1684296249 -0,002188 91,400000 38,800000 38,800000 -20,200000
37 1684296250 -0,002188 91,400000 38,600000 38,600000 -20,200000
37 1684296251 -0,002188 91,400000 38,400000 38,400000 -20,200000
37 1684296252 -0,002188 91,400000 38,200000 38,200000 -20,200000
37 1684296253 -0,002188 91,400000 38,000000 38,000000 -20,200000
37 1684296254 0,008696 92,000000 38,800000 38,800000 -20,200000
37 1684296255 0,008696 92,000000 39,600000 39,600000 -20,200000
37 1684296256 0,008696 92,000000 40,400000 40,400000 -20,200000
37 1684296257 0,008696 92,000000 41,200000 41,200000 -20,200000
37 1684296258 0,008696 92,000000 42,000000 42,000000 -20,200000
37 1684296259 -0,004329 92,400000 41,600000 41,600000 -20,200000
37 1684296260 -0,004329 92,400000 41,200000 41,200000 -20,200000
37 1684296261 -0,004329 92,400000 40,800000 40,800000 -20,200000
37 1684296262 -0,004329 92,400000 40,400000 40,400000 -20,200000
37 1684296263 -0,004329 92,400000 40,000000 40,000000 -20,200000
37 1684296264 0,000000 92,400000 40,000000 40,000000 -20,200000
37 1684296265 0,000000 92,400000 40,000000 40,000000 -20,200000
37 1684296266 0,000000 92,400000 40,000000 40,000000 -20,200000
37 1684296267 0,000000 92,400000 40,000000 40,000000 -20,200000
37 1684296268 0,000000 92,400000 40,000000 40,000000 -20,200000
37 1684296269 0,000000 92,400000 40,000000 40,000000 -20,200000
37 1684296270 0,000000 92,400000 40,000000 40,000000 -20,200000
37 1684296271 0,000000 92,400000 40,000000 40,000000 -20,200000
37 1684296272 0,000000 92,400000 40,000000 40,000000 -20,200000
37 1684296273 0,000000 92,400000 40,000000 40,000000 -20,200000
37 1684296274 0,000000 92,600000 40,000000 40,000000 -20,200000
37 1684296275 0,000000 92,600000 40,000000 40,000000 -20,200000
37 1684296276 0,000000 92,600000 40,000000 40,000000 -20,200000
37 1684296277 0,000000 92,600000 40,000000 40,000000 -20,200000
37 1684296278 0,000000 92,600000 40,000000 40,000000 -20,200000
37 1684296279 0,000000 93,000000 40,000000 40,000000 -20,200000
37 1684296280 0,000000 93,000000 40,000000 40,000000 -20,200000
37 1684296281 0,000000 93,000000 40,000000 40,000000 -20,200000
37 1684296282 0,000000 93,000000 40,000000 40,000000 -20,200000
37 1684296283 0,000000 93,000000 40,000000 40,000000 -20,200000
37 1684296284 -0,006397 93,800000 39,400000 39,400000 -20,200000
37 1684296285 -0,006397 93,800000 38,800000 38,800000 -20,200000
37 1684296286 -0,006397 93,800000 38,200000 38,200000 -20,200000
37 1684296287 -0,006397 93,800000 37,600000 37,600000 -20,200000
37 1684296288 -0,006397 93,800000 37,000000 37,000000 -20,200000
37 1684296289 0,002114 94,600000 37,200000 37,200000 -20,200000
37 1684296290 0,002114 94,600000 37,400000 37,400000 -20,200000
37 1684296291 0,002114 94,600000 37,600000 37,600000 -20,200000
37 1684296292 0,002114 94,600000 37,800000 37,800000 -20,200000
37 1684296293 0,002114 94,600000 38,000000 38,000000 -20,200000
37 1684296294 0,010526 95,000000 39,000000 39,000000 -20,200000
37 1684296295 0,010526 95,000000 40,000000 40,000000 -20,200000
37 1684296296 0,010526 95,000000 41,000000 41,000000 -20,200000
37 1684296297 0,010526 95,000000 42,000000 42,000000 -20,200000
37 1684296298 0,010526 95,000000 43,000000 43,000000 -20,200000
37 1684296299 -0,008386 95,400000 42,200000 42,200000 -20,200000
37 1684296300 -0,008386 95,400000 41,400000 41,400000 -20,200000
37 1684296301 -0,008386 95,400000 40,600000 40,600000 -20,200000
37 1684296302 -0,008386 95,400000 39,800000 39,800000 -20,200000
37 1684296303 -0,008386 95,400000 39,000000 39,000000 -20,200000
37 1684296304 0,004184 95,600000 39,400000 39,400000 -20,200000
37 1684296305 0,004184 95,600000 39,800000 39,800000 -20,200000
37 1684296306 0,004184 95,600000 40,200000 40,200000 -20,200000
37 1684296307 0,004184 95,600000 40,600000 40,600000 -20,200000
37 1684296308 0,004184 95,600000 41,000000 41,000000 -20,200000
37 1684296309 -0,004167 96,000000 40,600000 40,600000 -20,200000
37 1684296310 -0,004167 96,000000 40,200000 40,200000 -20,200000
37 1684296311 -0,004167 96,000000 39,800000 39,800000 -20,200000
37 1684296312 -0,004167 96,000000 39,400000 39,400000 -20,200000
37 1684296313 -0,004167 96,000000 39,000000 39,000000 -20,200000
37 1684296314 0,000000 96,200000 39,000000 39,000000 -20,200000
37 1684296315 0,000000 96,200000 39,000000 39,000000 -20,200000
37 1684296316 0,000000 96,200000 39,000000 39,000000 -20,200000
37 1684296317 0,000000 96,200000 39,000000 39,000000 -20,200000
37 1684296318 0,000000 96,200000 39,000000 39,000000 -20,200000
37 1684296319 0,000000 96,600000 39,000000 39,000000 -20,200000
37 1684296320 0,000000 96,600000 39,000000 39,000000 -20,200000
37 1684296321 0,000000 96,600000 39,000000 39,000000 -20,200000
37 1684296322 0,000000 96,600000 39,000000 39,000000 -20,200000
37 1684296323 0,000000 96,600000 39,000000 39,000000 -20,200000
37 1684296324 0,000000 97,000000 39,000000 39,000000 -20,200000
37 1684296325 0,000000 97,000000 39,000000 39,000000 -20,200000
37 1684296326 0,000000 97,000000 39,000000 39,000000 -20,200000
37 1684296327 0,000000 97,000000 39,000000 39,000000 -20,200000
37 1684296328 0,000000 97,000000 39,000000 39,000000 -20,200000
37 1684296329 0,000000 98,000000 39,000000 39,000000 -20,200000
37 1684296330 0,000000 98,000000 39,000000 39,000000 -20,200000
37 1684296331 0,000000 98,000000 39,000000 39,000000 -20,200000
37 1684296332 0,000000 98,000000 39,000000 39,000000 -20,200000
37 1684296333 0,000000 98,000000 39,000000 39,000000 -20,200000
37 1684296334 0,000000 98,400000 39,000000 39,000000 -20,200000
37 1684296335 0,000000 98,400000 39,000000 39,000000 -20,200000
37 1684296336 0,000000 98,400000 39,000000 39,000000 -20,200000
37 1684296337 0,000000 98,400000 39,000000 39,000000 -20,200000
37 1684296338 0,000000 98,400000 39,000000 39,000000 -20,200000
37 1684296339 0,004057 98,600000 39,400000 39,400000 -20,200000
37 1684296340 0,004057 98,600000 39,800000 39,800000 -20,200000
37 1684296341 0,004057 98,600000 40,200000 40,200000 -20,200000
37 1684296342 0,004057 98,600000 40,600000 40,600000 -20,200000
37 1684296343 0,004057 98,600000 41,000000 41,000000 -20,200000
37 1684296344 0,002024 98,800000 41,200000 41,200000 -20,200000
37 1684296345 0,002024 98,800000 41,400000 41,400000 -20,200000
37 1684296346 0,002024 98,800000 41,600000 41,600000 -20,200000
37 1684296347 0,002024 98,800000 41,800000 41,800000 -20,200000
37 1684296348 0,002024 98,800000 42,000000 42,000000 -20,200000
37 1684296349 -0,002012 99,400000 41,800000 41,800000 -20,200000
37 1684296350 -0,002012 99,400000 41,600000 41,600000 -20,200000
37 1684296351 -0,002012 99,400000 41,400000 41,400000 -20,200000
37 1684296352 -0,002012 99,400000 41,200000 41,200000 -20,200000
37 1684296353 -0,002012 99,400000 41,000000 41,000000 -20,200000
37 1684296354 -0,004008 99,800000 40,600000 40,600000 -20,200000
37 1684296355 -0,004008 99,800000 40,200000 40,200000 -20,200000
37 1684296356 -0,004008 99,800000 39,800000 39,800000 -20,200000
37 1684296357 -0,004008 99,800000 39,400000 39,400000 -20,200000
37 1684296358 -0,004008 99,800000 39,000000 39,000000 -20,200000
37 1684296359 -0,003992 100,200000 38,600000 38,600000 -20,200000
37 1684296360 -0,003992 100,200000 38,200000 38,200000 -20,200000
37 1684296361 -0,003992 100,200000 37,800000 37,800000 -20,200000
37 1684296362 -0,003992 100,200000 37,400000 37,400000 -20,200000
37 1684296363 -0,003992 100,200000 37,000000 37,000000 -20,200000
37 1684296364 0,003960 101,000000 37,400000 37,400000 -20,200000
37 1684296365 0,003960 101,000000 37,800000 37,800000 -20,200000
37 1684296366 0,003960 101,000000 38,200000 38,200000 -20,200000
37 1684296367 0,003960 101,000000 38,600000 38,600000 -20,200000
37 1684296368 0,003960 101,000000 39,000000 39,000000 -20,200000
